treat	econ_hard	depress1	sex	age	occp	marital	nonwhite	educ	income	job_seek	depress2	mastery	treat_num	job_dich	job_disc
1	3.0	1.91	1	34.16712	1	2	1	5	5	4.8333335	1.7272727	4.677778	1.0	1.0	4.0
1	4.67	1.18	0	26.624657	4	1	1	4	2	5.0	1.0	4.866667	1.0	1.0	4.0
1	4.33	2.9	1	37.852055	3	4	1	3	1	4.5	3.0	3.775	1.0	1.0	4.0
1	3.67	1.36	0	26.10137	6	1	0	3	2	3.8333333	2.0	3.7777777	1.0	0.0	3.0
1	4.0	2.09	1	35.02192	6	1	1	3	3	4.5	2.1818182	4.016667	1.0	1.0	4.0
0	2.33	1.45	0	27.48767	2	2	0	4	3	3.6666667	1.5454545	3.7638888	0.0	0.0	3.0
1	5.0	1.64	1	39.33151	3	2	1	3	1	5.0	1.0909091	4.75	1.0	1.0	4.0
1	1.33	1.73	1	31.610958	3	3	1	2	3	2.5	2.3636363	2.825	1.0	0.0	2.0
0	3.0	1.64	1	28.021917	3	4	0	3	2	5.0	2.1818182	4.1916666	0.0	1.0	4.0
1	4.0	2.45	0	41.12055	5	1	0	2	3	3.5	2.6363637	3.5916667	1.0	0.0	3.0
0	3.67	2.73	0	39.457535	6	2	0	1	2	3.1666667	2.7272727	3.038889	0.0	0.0	2.0
1	3.0	1.55	0	40.438354	2	2	0	2	5	4.0	1.1818181	3.7333333	1.0	1.0	3.0
0	3.33	2.45	1	51.065754	4	2	0	5	5	4.3333335	1.4545455	3.9194446	0.0	1.0	3.0
0	5.0	1.0	1	25.613699	3	1	1	4	1	4.6666665	1.0	4.422222	0.0	1.0	4.0
0	4.0	2.73	1	49.147945	1	2	0	3	2	4.3333335	3.0	3.9027777	0.0	1.0	3.0
0	1.33	1.27	1	30.619179	1	1	1	5	2	3.6666667	1.6363636	3.738889	0.0	0.0	3.0
1	3.0	1.64	0	33.345207	5	3	1	2	3	3.3333333	1.6363636	3.6861112	1.0	0.0	2.0
1	1.67	2.09	1	49.29863	3	2	0	5	5	3.0	2.1818182	3.35	1.0	0.0	2.0
1	2.33	2.45	0	44.10411	2	2	0	4	5	4.6666665	2.0	3.9805555	1.0	1.0	4.0
1	1.33	1.64	1	76.87671	4	2	0	2	3	3.0	1.7272727	3.5	1.0	0.0	2.0
1	4.67	2.82	1	35.33151	2	2	1	3	3	4.1666665	2.4	3.7805555	1.0	1.0	3.0
1	3.33	1.73	1	55.10137	7	2	1	2	2	4.5	1.0	4.3	1.0	1.0	4.0
1	2.67	1.91	1	25.958904	6	1	0	3	1	2.0	1.7272727	3.2333333	1.0	0.0	1.0
1	3.0	1.45	0	27.668493	1	1	1	4	3	3.6666667	1.6363636	3.8555555	1.0	0.0	3.0
1	4.67	2.45	1	26.29863	2	1	0	3	2	4.3333335	2.6363637	3.4444444	1.0	1.0	3.0
1	3.0	1.82	0	24.915068	4	1	1	3	1	3.3333333	2.4545455	3.6277778	1.0	0.0	2.0
1	1.67	1.27	0	29.591782	5	1	1	4	2	4.0	1.7272727	3.8166666	1.0	1.0	3.0
1	4.0	1.73	0	28.715069	7	3	1	2	1	4.0	1.0	4.233333	1.0	1.0	3.0
1	3.67	2.73	1	42.049316	3	1	0	2	2	4.3333335	1.9090909	3.5777779	1.0	1.0	3.0
1	3.0	2.09	1	39.676712	7	4	0	3	1	4.3333335	1.4545455	4.361111	1.0	1.0	3.0
0	2.0	1.73	1	18.273973	4	1	1	2	3	4.8333335	3.1818182	3.8611112	0.0	1.0	4.0
0	3.0	1.82	1	23.317808	3	1	1	3	1	2.5	1.7272727	3.2083333	0.0	0.0	2.0
1	2.67	2.8	1	45.432877	1	3	1	4	2	5.0	1.5454545	4.2	1.0	1.0	4.0
0	4.33	2.36	0	39.61096	3	1	0	3	2	4.1666665	1.9090909	4.0046296	0.0	1.0	3.0
1	3.67	1.73	0	36.241096	5	4	0	3	3	2.8333333	1.3636364	3.4277778	1.0	0.0	2.0
0	2.33	1.91	1	38.89041	7	1	0	3	1	3.6666667	1.1818181	3.6722221	0.0	0.0	3.0
1	1.33	1.55	1	42.31233	3	4	1	4	3	4.0	3.4545455	3.825	1.0	1.0	3.0
1	3.33	1.82	0	50.68767	2	2	0	4	5	3.8333333	2.0	3.7777777	1.0	0.0	3.0
1	5.0	1.18	1	46.92603	3	4	1	3	1	5.0	1.1818181	4.766667	1.0	1.0	4.0
1	3.0	1.36	0	43.31233	5	1	0	3	1	3.1666667	1.9090909	3.3555555	1.0	0.0	2.0
1	2.0	2.7	1	47.07397	2	5	0	5	4	3.1666667	1.8181819	3.3722222	1.0	0.0	2.0
0	2.67	2.45	1	55.99726	3	2	0	1	2	3.8333333	2.8181818	3.3777778	0.0	0.0	3.0
1	3.0	2.36	1	18.794521	1	1	0	2	5	3.0	1.6363636	3.6	1.0	0.0	2.0
1	3.0	1.18	0	37.643837	2	2	0	3	5	4.0	1.3636364	3.5166667	1.0	1.0	3.0
0	3.33	1.73	1	39.747944	4	1	0	2	2	4.0	1.2727273	4.0666666	0.0	1.0	3.0
1	2.0	1.18	1	27.323288	1	2	0	4	4	5.0	2.6363637	4.125	1.0	1.0	4.0
0	2.67	1.83	0	51.265755	1	4	0	3	3	3.6666667	1.4545455	3.5305555	0.0	0.0	3.0
1	4.0	2.55	0	34.887672	5	1	0	3	3	5.0	1.4545455	4.366667	1.0	1.0	4.0
1	1.33	1.0	1	64.224655	2	2	0	2	1	4.5	1.0	4.266667	1.0	1.0	4.0
1	3.33	2.18	0	48.443836	1	2	0	5	5	5.0	1.2727273	4.2	1.0	1.0	4.0
0	4.33	2.91	0	25.20274	6	1	0	2	1	4.8333335	2.909091	4.036111	0.0	1.0	4.0
0	3.67	1.55	0	34.323288	6	1	0	3	2	3.6666667	1.4545455	3.4055555	0.0	0.0	3.0
1	4.67	2.73	0	35.567123	7	4	0	2	3	4.5	2.090909	4.008333	1.0	1.0	4.0
0	1.67	1.0	1	36.830135	3	2	0	3	5	3.8333333	1.3636364	4.0194445	0.0	0.0	3.0
0	4.67	2.64	1	27.060274	3	1	0	3	5	3.5	3.4545455	3.8583333	0.0	0.0	3.0
1	2.0	1.82	1	41.227398	2	2	0	3	5	3.8	2.7272727	3.5916667	1.0	0.0	3.0
1	3.67	2.0	1	18.473972	2	1	0	1	1	3.1666667	3.7272727	2.6888888	1.0	0.0	2.0
1	3.33	2.55	1	38.671234	3	2	0	2	3	4.0	1.6363636	3.8333333	1.0	1.0	3.0
0	2.67	1.36	1	42.654793	3	2	0	3	5	4.5	1.2727273	4.4	0.0	1.0	4.0
0	2.0	1.36	1	42.536987	6	4	0	2	2	4.1666665	1.0	4.388889	0.0	1.0	3.0
1	3.33	2.82	0	37.994522	7	1	0	3	1	4.5	1.7272727	4.1	1.0	1.0	4.0
0	4.67	1.55	1	54.70411	3	5	0	2	1	4.0	3.6363637	3.3916667	0.0	1.0	3.0
0	4.0	1.55	1	44.515068	3	2	1	3	1	4.0	1.3636364	4.4	0.0	1.0	3.0
0	5.0	2.18	1	40.939728	3	3	0	3	1	4.8333335	1.4545455	4.1527777	0.0	1.0	4.0
0	2.67	2.18	1	34.11781	3	2	0	4	5	2.8333333	3.0	2.4194446	0.0	0.0	2.0
0	2.33	1.73	0	20.019178	6	1	0	2	2	2.5	3.0	3.2	0.0	0.0	2.0
0	4.67	1.82	0	38.33151	7	2	0	1	2	4.0	2.5454545	3.6416667	0.0	1.0	3.0
1	4.67	2.45	1	71.37534	3	2	0	1	3	5.0	1.7272727	3.9833333	1.0	1.0	4.0
1	3.0	2.0	1	42.27397	3	2	0	2	3	3.3333333	1.5454545	3.4027777	1.0	0.0	2.0
1	3.0	1.64	0	36.9863	2	1	0	4	2	4.0	1.2727273	3.8083334	1.0	1.0	3.0
1	4.67	2.45	0	47.60822	7	2	0	1	2	4.0	2.2727273	3.9	1.0	1.0	3.0
1	3.67	1.0	0	57.28493	4	2	0	2	5	4.1666665	1.0	4.1555557	1.0	1.0	3.0
1	3.67	2.45	0	39.87945	2	3	0	3	5	5.0	2.1818182	3.7333333	1.0	1.0	4.0
1	2.67	2.0	0	23.479452	2	1	0	2	2	5.0	1.2727273	4.4083333	1.0	1.0	4.0
1	3.0	2.18	1	50.956165	4	3	0	1	1	3.6666667	3.0	3.6555555	1.0	0.0	3.0
0	3.67	2.09	0	43.12055	5	1	0	3	3	3.1666667	1.5454545	3.2638888	0.0	0.0	2.0
1	3.67	2.27	0	31.046576	7	1	0	1	2	3.0	1.4545455	3.175	1.0	0.0	2.0
0	2.67	1.36	0	37.750687	2	4	0	2	4	3.8333333	2.2727273	3.6777778	0.0	0.0	3.0
1	3.33	1.36	0	43.046574	7	1	1	2	5	3.3333333	1.0	3.7444444	1.0	0.0	2.0
1	2.0	1.55	0	39.39178	6	2	0	2	1	3.3333333	2.3636363	3.0444446	1.0	0.0	2.0
1	2.0	2.73	0	32.16712	6	4	0	2	1	3.1666667	1.1818181	4.1555557	1.0	0.0	2.0
0	3.33	1.91	1	25.356165	5	2	1	3	1	3.6666667	1.0909091	3.8222222	0.0	0.0	3.0
1	3.33	1.91	0	30.29589	7	2	0	1	3	2.8333333	1.9090909	3.6444445	1.0	0.0	2.0
1	2.0	2.0	1	53.10959	1	2	0	5	5	4.6666665	1.6363636	4.5305557	1.0	1.0	4.0
0	3.0	2.09	0	41.761642	1	2	0	5	5	3.5	1.4545455	3.4833333	0.0	0.0	3.0
1	2.33	1.73	0	37.27671	7	2	0	4	5	2.8333333	1.6363636	3.386111	1.0	0.0	2.0
1	3.33	1.27	1	44.767124	3	2	1	3	2	4.0	1.1818181	4.4583335	1.0	1.0	3.0
1	4.33	2.55	1	20.58356	3	2	0	2	1	3.5	2.909091	3.6416667	1.0	0.0	3.0
1	5.0	2.1	1	24.978083	6	1	1	3	1	2.6666667	2.4545455	3.338889	1.0	0.0	2.0
0	4.67	2.0	0	33.69589	5	4	0	3	1	4.1666665	1.2727273	3.7972221	0.0	1.0	3.0
0	2.0	1.36	1	52.147945	3	2	0	2	3	3.6666667	2.1818182	3.4907408	0.0	0.0	3.0
1	3.33	1.45	1	37.07123	4	2	0	3	5	5.0	1.4545455	4.6	1.0	1.0	4.0
1	2.67	1.91	1	40.969864	5	1	0	2	1	5.0	2.6363637	4.2166667	1.0	1.0	4.0
1	2.0	1.73	1	41.9863	2	2	0	1	4	4.8333335	1.1818181	4.6444445	1.0	1.0	4.0
1	2.33	1.09	0	32.243835	4	1	0	4	2	5.0	1.2727273	4.8333335	1.0	1.0	4.0
0	3.0	1.45	0	25.60274	5	1	0	2	2	4.3333335	1.0909091	4.2694445	0.0	1.0	3.0
1	1.0	2.0	1	29.279451	1	1	1	5	3	2.5	1.8181819	3.6666667	1.0	0.0	2.0
1	3.0	1.27	0	29.484932	5	1	0	2	2	5.0	1.0909091	4.4333334	1.0	1.0	4.0
0	5.0	2.09	1	27.89863	3	4	0	2	2	4.0	2.3636363	3.9333334	0.0	1.0	3.0
1	2.0	2.27	1	27.249315	6	5	1	3	1	2.5	2.0	3.325	1.0	0.0	2.0
1	3.0	2.27	1	33.41644	1	1	0	5	2	4.3333335	1.6363636	4.1444445	1.0	1.0	3.0
0	2.33	1.55	1	29.241096	4	2	0	4	5	3.8333333	1.1818181	3.8694444	0.0	0.0	3.0
0	4.0	3.0	0	37.652054	7	2	1	2	2	4.0	2.909091	3.7	0.0	1.0	3.0
1	2.33	1.45	1	20.649315	3	1	1	2	1	5.0	2.1818182	4.5	1.0	1.0	4.0
1	2.33	1.55	1	39.09589	7	4	1	4	2	5.0	1.0	4.7	1.0	1.0	4.0
1	3.0	1.8	1	45.646576	2	4	0	4	2	4.5	1.2727273	4.225	1.0	1.0	4.0
0	3.33	3.0	0	62.134247	5	2	0	2	4	3.5	2.1	3.4	0.0	0.0	3.0
0	2.0	1.73	0	21.668493	7	1	0	3	2	3.0	2.090909	3.0	0.0	0.0	2.0
0	4.0	3.0	1	30.128767	2	1	1	4	3	4.3333335	3.2727273	3.4027777	0.0	1.0	3.0
1	2.0	1.45	0	44.39178	1	2	0	4	5	5.0	1.3636364	4.5333333	1.0	1.0	4.0
1	3.67	2.55	1	31.60274	1	1	0	4	3	4.3333335	2.090909	3.886111	1.0	1.0	3.0
1	3.33	1.73	0	39.4274	5	2	0	2	3	4.6666665	3.2727273	3.6222222	1.0	1.0	4.0
1	3.33	2.18	1	47.268494	3	4	0	2	2	4.6666665	1.0	4.438889	1.0	1.0	4.0
1	2.67	1.91	0	34.019176	2	4	0	5	3	4.0	1.2727273	4.225	1.0	1.0	3.0
1	3.67	1.55	0	37.91507	1	4	0	2	3	5.0	1.0	4.7	1.0	1.0	4.0
1	4.0	1.36	0	35.536987	6	2	0	2	3	3.0	2.1818182	3.2583334	1.0	0.0	2.0
1	1.67	1.91	1	25.093151	1	1	0	5	4	5.0	1.8181819	4.2833333	1.0	1.0	4.0
0	3.33	2.09	0	27.41096	4	2	0	4	3	4.0	2.5454545	3.7083333	0.0	1.0	3.0
1	4.67	2.2	1	57.769863	3	4	0	3	2	5.0	1.3	4.425	1.0	1.0	4.0
1	3.33	1.73	1	48.654793	1	2	1	3	5	4.0	1.0	3.9333334	1.0	1.0	3.0
1	4.33	1.45	1	42.835617	3	2	1	2	5	4.6666665	1.4545455	4.3555555	1.0	1.0	4.0
1	4.33	3.0	0	51.126026	1	3	0	4	3	4.1666665	2.3636363	3.8805556	1.0	1.0	3.0
1	2.67	1.36	0	34.164383	3	2	1	3	2	3.5	2.4545455	3.575	1.0	0.0	3.0
1	3.33	1.27	0	43.5726	2	2	0	4	5	4.3333335	1.2727273	4.4444447	1.0	1.0	3.0
0	2.0	1.18	0	35.876713	1	2	0	4	5	4.3333335	1.4545455	3.9527779	0.0	1.0	3.0
0	1.67	1.09	1	46.983562	1	1	1	3	1	5.0	1.0	4.483333	0.0	1.0	4.0
1	2.67	2.09	1	26.920547	3	1	0	3	1	3.5	2.8181818	3.7	1.0	0.0	3.0
0	3.33	2.64	0	34.635616	5	1	0	2	2	3.6666667	1.5454545	3.3138888	0.0	0.0	3.0
0	3.0	1.27	0	63.452053	1	2	0	4	5	3.8333333	1.2727273	4.2444444	0.0	0.0	3.0
1	1.33	2.0	1	46.328766	3	2	0	2	4	4.8333335	1.0	4.2444444	1.0	1.0	4.0
1	4.0	2.55	1	39.87123	2	2	0	2	5	3.3333333	3.5454545	3.2527778	1.0	0.0	2.0
1	4.0	2.73	0	48.983562	2	4	0	5	5	4.0	1.6363636	4.4416666	1.0	1.0	3.0
1	2.33	1.82	1	44.920547	2	2	0	3	5	5.0	1.2727273	4.4666667	1.0	1.0	4.0
0	3.33	2.0	1	41.70411	4	2	0	3	4	4.6666665	1.4545455	4.088889	0.0	1.0	4.0
1	2.0	2.73	1	21.69589	2	2	0	3	2	4.0	1.6363636	4.258333	1.0	1.0	3.0
1	2.33	1.27	1	37.945206	3	1	0	3	3	4.0	1.3636364	4.1666665	1.0	1.0	3.0
0	1.33	1.18	1	34.761642	6	2	0	1	5	4.1666665	1.3636364	4.2388887	0.0	1.0	3.0
0	3.33	1.4	0	33.969864	4	2	0	3	3	4.5	1.6363636	4.1583333	0.0	1.0	4.0
1	2.0	1.09	1	28.58904	7	1	1	2	1	3.1666667	1.1818181	3.6722221	1.0	0.0	2.0
1	2.33	1.73	1	36.627396	3	1	0	3	2	3.8333333	1.4545455	4.0444446	1.0	0.0	3.0
1	3.67	1.45	1	37.69863	1	4	0	3	2	4.6666665	2.909091	4.1305556	1.0	1.0	4.0
1	3.0	1.36	0	33.553425	6	2	0	1	3	3.5	1.6363636	3.2916667	1.0	0.0	3.0
1	2.67	1.0	1	58.038357	1	2	0	3	3	3.5	1.0	3.8333333	1.0	0.0	3.0
1	4.0	2.0	1	31.673973	2	4	0	3	1	4.0	2.1818182	3.9416666	1.0	1.0	3.0
0	2.33	1.09	1	49.80548	2	4	0	2	3	3.3333333	1.5454545	3.6944444	0.0	0.0	2.0
1	2.0	1.27	1	59.446575	2	2	0	2	5	4.3333335	1.0909091	4.411111	1.0	1.0	3.0
0	5.0	1.27	0	53.79452	4	3	0	4	4	5.0	1.3636364	4.633333	0.0	1.0	4.0
1	2.33	1.82	0	44.643837	5	2	0	2	3	4.8333335	1.5454545	4.361111	1.0	1.0	4.0
1	3.0	2.45	1	27.928766	2	1	0	3	3	5.0	1.6363636	4.25	1.0	1.0	4.0
1	4.33	2.55	1	48.28767	2	4	0	3	3	5.0	1.0	4.5333333	1.0	1.0	4.0
0	2.67	2.78	0	26.282192	3	1	0	2	3	3.1666667	1.5454545	3.3138888	0.0	0.0	2.0
1	2.33	1.27	0	31.482191	7	1	0	2	2	4.0	1.0	3.95	1.0	1.0	3.0
1	2.0	1.73	1	22.40548	3	1	0	2	4	4.0	1.2727273	3.9916666	1.0	1.0	3.0
1	1.67	1.09	1	20.40274	3	1	1	3	5	4.5	1.1818181	4.241667	1.0	1.0	4.0
1	2.0	1.91	0	22.473972	6	1	0	1	3	4.0	1.0	4.0	1.0	1.0	3.0
1	3.33	2.73	1	30.723288	3	1	0	1	2	3.5	2.4545455	3.525	1.0	0.0	3.0
1	2.0	2.09	0	21.810959	7	1	0	3	1	4.1666665	1.0	3.7222223	1.0	1.0	3.0
0	4.67	1.55	1	34.70137	7	2	0	2	1	4.1666665	1.6363636	4.047222	0.0	1.0	3.0
0	4.67	2.55	1	31.906849	3	3	1	2	1	3.5	1.9090909	3.4166667	0.0	0.0	3.0
1	4.33	1.36	0	26.180822	5	1	0	1	2	4.1666665	1.2727273	3.9805555	1.0	1.0	3.0
1	2.33	1.45	1	23.69863	3	1	0	3	1	4.1666665	2.1818182	3.9055555	1.0	1.0	3.0
1	2.67	1.0	0	56.854794	2	2	0	4	4	5.0	1.0	4.5333333	1.0	1.0	4.0
1	3.0	2.36	1	27.287672	3	1	0	2	1	3.5	1.4545455	3.6083333	1.0	0.0	3.0
0	3.67	1.45	1	29.849316	1	1	0	5	3	3.5	1.9090909	3.1833334	0.0	0.0	3.0
1	4.67	2.0	1	27.580822	7	2	0	2	1	4.1666665	2.7272727	3.788889	1.0	1.0	3.0
1	2.0	1.0	0	24.073973	6	2	0	2	2	4.1666665	1.0	4.0305557	1.0	1.0	3.0
0	3.0	1.55	0	64.38082	1	2	0	3	3	4.1666665	1.9090909	4.338889	0.0	1.0	3.0
1	4.33	2.64	1	25.676712	4	1	0	2	2	3.6666667	1.4545455	3.8972223	1.0	0.0	3.0
1	3.33	3.0	1	20.063013	3	1	0	1	1	1.8333334	2.5454545	3.1944444	1.0	0.0	1.0
0	3.67	2.27	1	31.780823	1	1	0	5	3	5.0	2.5454545	4.025	0.0	1.0	4.0
1	4.0	1.64	0	43.12055	2	1	0	5	3	3.0	2.090909	3.0666666	1.0	0.0	2.0
0	2.67	2.27	1	31.441095	4	4	0	2	4	2.8333333	2.8181818	3.036111	0.0	0.0	2.0
1	1.67	1.09	0	29.827396	5	2	0	3	2	5.0	1.0	4.866667	1.0	1.0	4.0
1	2.33	1.09	0	30.31507	1	2	0	3	3	4.1666665	1.0	3.7972221	1.0	1.0	3.0
0	1.33	1.36	0	67.50411	5	2	0	2	3	4.3333335	1.7272727	4.311111	0.0	1.0	3.0
1	4.33	1.73	1	37.791782	1	4	0	3	2	4.0	1.2727273	3.9416666	1.0	1.0	3.0
1	2.33	1.09	0	27.038357	1	1	0	3	2	3.8333333	1.9090909	3.961111	1.0	0.0	3.0
1	4.33	2.09	0	48.4137	7	3	1	2	1	3.6666667	1.2727273	3.5208333	1.0	0.0	3.0
1	3.33	1.91	0	31.117807	2	2	0	2	3	3.8333333	1.7272727	3.7444444	1.0	0.0	3.0
1	3.33	2.0	0	19.260275	7	1	0	2	5	4.5	1.2	4.1666665	1.0	1.0	4.0
1	3.0	1.36	0	45.441097	5	4	0	3	1	3.8333333	1.0909091	3.8277779	1.0	0.0	3.0
1	3.67	2.09	1	30.39452	2	1	0	5	4	4.6666665	1.3636364	4.1555557	1.0	1.0	4.0
0	3.67	1.55	0	50.063015	5	2	0	2	3	4.3333335	1.0909091	4.061111	0.0	1.0	3.0
0	3.67	2.9	0	28.830137	5	2	0	2	3	3.1666667	3.0	2.988889	0.0	0.0	2.0
1	4.67	2.82	1	35.00274	1	4	0	4	3	4.6666665	1.7272727	4.413889	1.0	1.0	4.0
1	4.33	2.55	1	38.756165	3	1	0	3	1	4.0	3.090909	3.575	1.0	1.0	3.0
0	4.0	1.55	0	40.0137	1	2	0	2	3	4.6666665	1.9090909	3.9805555	0.0	1.0	4.0
1	3.33	1.2	0	25.356165	6	2	0	3	4	4.8333335	1.1818181	4.577778	1.0	1.0	4.0
1	3.33	2.91	0	35.60548	5	2	0	2	5	3.8333333	2.7	4.0027776	1.0	0.0	3.0
0	4.67	1.2	1	25.128767	3	3	1	3	1	4.3333335	1.4545455	4.1277776	0.0	1.0	3.0
0	2.67	1.0	1	33.89315	2	2	0	2	5	4.0	1.0	4.1583333	0.0	1.0	3.0
0	2.67	1.27	0	52.372604	7	4	0	2	1	4.6666665	1.0	4.322222	0.0	1.0	4.0
1	4.0	2.73	1	34.865753	1	2	0	3	4	4.6666665	1.8181819	4.0055556	1.0	1.0	4.0
1	2.0	1.55	0	28.087671	2	1	0	3	2	3.3333333	2.0	3.5777779	1.0	0.0	2.0
1	3.33	1.36	1	33.780823	3	1	1	1	1	1.5	1.0	3.1	1.0	0.0	1.0
1	2.0	2.64	1	41.547947	6	4	1	2	2	5.0	1.4545455	4.1916666	1.0	1.0	4.0
1	3.67	2.55	0	44.49315	6	4	1	1	3	3.3333333	3.4545455	3.1694446	1.0	0.0	2.0
1	2.33	2.27	1	59.334248	3	2	0	2	1	3.5	1.6	3.5416667	1.0	0.0	3.0
1	1.33	2.6	1	51.032875	2	2	0	2	5	3.1666667	2.1818182	3.5805554	1.0	0.0	2.0
0	3.0	2.45	1	34.219177	2	4	0	4	2	5.0	1.2727273	4.4666667	0.0	1.0	4.0
1	3.33	1.64	1	60.375343	3	4	0	4	2	4.0	1.5	3.5694444	1.0	1.0	3.0
1	3.0	1.0	0	46.016438	5	2	0	2	3	3.0	1.3636364	3.2416666	1.0	0.0	2.0
1	4.33	2.36	0	31.709589	5	1	0	2	1	3.3333333	2.7272727	2.8944445	1.0	0.0	2.0
0	2.0	2.82	1	20.70685	7	1	0	1	3	3.3333333	2.2727273	2.9194446	0.0	0.0	2.0
1	1.0	1.0	1	58.750687	3	4	0	3	5	4.6666665	1.0	4.2388887	1.0	1.0	4.0
0	3.67	2.27	1	23.70685	1	2	0	4	4	4.6666665	1.1818181	4.588889	0.0	1.0	4.0
1	3.33	1.91	1	44.20548	6	4	1	2	1	4.0	1.5454545	4.0333333	1.0	1.0	3.0
1	4.33	2.45	1	32.778084	3	1	0	3	1	4.5	3.909091	3.575	1.0	1.0	4.0
1	3.67	1.64	0	43.81918	7	2	1	1	3	3.0	1.2727273	3.65	1.0	0.0	2.0
0	3.0	2.0	1	24.29589	1	1	0	5	2	2.3333333	1.9090909	3.2444444	0.0	0.0	1.0
1	3.67	2.45	1	56.38356	7	4	1	2	1	3.0	1.2727273	3.425	1.0	0.0	2.0
1	3.0	1.18	1	63.91781	3	5	0	3	3	4.1666665	1.7272727	4.522222	1.0	1.0	3.0
1	5.0	2.91	1	34.70137	5	1	1	1	1	4.8333335	3.1818182	3.9694445	1.0	1.0	4.0
1	5.0	2.55	1	51.567123	3	2	1	3	2	3.1666667	2.5454545	3.4388888	1.0	0.0	2.0
0	2.33	2.18	1	43.80274	3	2	0	2	4	4.5	2.7272727	3.5583334	0.0	1.0	4.0
1	2.33	1.09	1	29.013699	7	1	1	2	3	4.0	1.2727273	4.15	1.0	1.0	3.0
0	1.67	1.27	1	45.41644	3	2	1	2	2	3.3333333	1.0	3.7944446	0.0	0.0	2.0
1	1.33	2.64	1	35.972603	2	2	0	5	5	5.0	1.0909091	3.725	1.0	1.0	4.0
0	3.67	1.27	0	36.282192	5	2	0	3	4	3.8333333	2.5	3.336111	0.0	0.0	3.0
1	3.33	2.36	0	37.263012	6	2	1	1	2	3.8333333	2.1818182	3.636111	1.0	0.0	3.0
1	3.33	2.0	1	30.663013	3	1	0	3	1	3.5	1.6363636	3.4916666	1.0	0.0	3.0
1	1.67	1.27	1	33.410957	3	2	1	3	2	4.3333335	1.5454545	4.211111	1.0	1.0	3.0
1	3.33	1.55	0	23.227398	6	1	0	3	1	5.0	1.1818181	4.5	1.0	1.0	4.0
1	3.33	2.09	0	36.983562	6	3	1	3	2	3.5	1.1818181	3.9166667	1.0	0.0	3.0
0	2.0	1.64	0	58.47671	2	2	0	3	5	4.5	1.5454545	4.1666665	0.0	1.0	4.0
1	2.0	1.0	1	42.134247	3	2	0	2	5	4.0	1.0909091	3.875	1.0	1.0	3.0
1	4.33	2.45	1	30.934246	4	4	1	4	3	5.0	1.0	3.7333333	1.0	1.0	4.0
1	1.0	1.36	1	44.32055	1	2	0	5	5	4.1666665	1.0909091	4.197222	1.0	1.0	3.0
0	2.33	1.45	1	28.161644	1	1	0	5	4	2.5	1.1818181	2.9416666	0.0	0.0	2.0
1	2.67	1.0	1	23.917809	3	1	0	3	2	3.5	1.2727273	3.9833333	1.0	0.0	3.0
1	3.0	2.18	1	43.60548	3	2	0	2	4	4.0	1.9090909	3.4416666	1.0	1.0	3.0
0	3.67	2.09	1	30.30959	3	2	0	2	3	4.5	1.8181819	3.6833334	0.0	1.0	4.0
1	3.0	1.64	1	28.353424	3	2	0	2	3	4.1666665	1.4545455	4.0555553	1.0	1.0	3.0
1	2.67	1.0	0	61.367123	6	2	0	1	3	4.0	1.2727273	4.225	1.0	1.0	3.0
1	2.33	1.91	1	45.358906	3	5	0	5	2	4.0	1.5454545	3.6666667	1.0	1.0	3.0
1	2.33	2.27	1	28.591782	2	1	0	4	4	4.3333335	1.5454545	3.786111	1.0	1.0	3.0
1	4.33	2.82	0	29.380821	1	4	0	3	2	4.6666665	3.3636363	3.7638888	1.0	1.0	4.0
1	4.33	2.82	0	29.739725	2	1	0	5	2	4.1666665	2.3636363	3.6472223	1.0	1.0	3.0
1	2.33	1.45	0	29.942465	7	1	0	2	1	3.3333333	2.0	3.1694446	1.0	0.0	2.0
1	3.33	1.27	0	39.460274	1	2	0	5	5	3.5	2.1818182	3.35	1.0	0.0	3.0
1	2.33	1.09	0	54.08219	1	2	0	2	5	3.6666667	1.0	3.9805555	1.0	0.0	3.0
1	3.0	2.27	0	44.71233	1	2	0	5	5	3.8333333	2.3636363	3.911111	1.0	0.0	3.0
0	2.67	2.27	1	48.016438	3	2	0	2	3	3.4	2.9	3.7	0.0	0.0	2.0
1	3.0	1.73	0	19.48767	6	1	0	2	1	5.0	3.0	3.7	1.0	1.0	4.0
0	3.33	2.64	0	35.410957	5	2	0	2	2	3.0	3.090909	2.5666666	0.0	0.0	2.0
1	4.67	2.67	1	51.145206	7	2	0	2	3	3.8333333	1.4545455	3.711111	1.0	0.0	3.0
1	3.33	2.36	0	31.057535	5	2	0	3	2	3.6666667	2.2727273	3.6888888	1.0	0.0	3.0
1	2.67	1.64	0	35.471233	6	2	0	2	2	4.3333335	1.1818181	4.302778	1.0	1.0	3.0
0	2.67	1.18	0	45.517807	2	2	0	3	1	3.5	1.8181819	3.275	0.0	0.0	3.0
1	4.0	2.0	1	53.147945	1	1	0	4	3	5.0	1.9090909	4.4	1.0	1.0	4.0
1	3.67	2.5	1	36.221916	3	4	1	3	3	4.6666665	2.090909	3.738889	1.0	1.0	4.0
1	4.33	2.27	1	28.610958	2	2	0	5	2	4.5	4.4545455	3.2583334	1.0	1.0	4.0
1	2.67	2.27	1	31.810959	3	2	0	2	5	3.6666667	1.5454545	3.4055555	1.0	0.0	3.0
1	4.0	1.55	0	41.942467	1	2	0	5	2	2.8333333	1.0909091	3.8444445	1.0	0.0	2.0
0	2.33	1.64	1	41.638355	3	2	0	2	3	4.5	1.6363636	4.4583335	0.0	1.0	4.0
1	1.33	1.45	0	49.2	4	2	0	4	4	4.3333335	1.4545455	4.202778	1.0	1.0	3.0
0	1.33	1.82	0	20.424658	7	1	0	2	3	4.0	1.3636364	3.9	0.0	1.0	3.0
1	2.33	1.36	0	40.27397	6	4	0	3	1	5.0	1.1818181	4.475	1.0	1.0	4.0
1	2.67	1.82	1	17.58356	7	1	0	1	1	3.8333333	1.9090909	4.1277776	1.0	0.0	3.0
1	3.0	1.27	0	27.01096	1	2	0	5	5	5.0	1.4545455	4.6583333	1.0	1.0	4.0
1	3.67	2.55	0	40.40822	6	2	1	3	4	3.8333333	2.090909	3.711111	1.0	0.0	3.0
1	3.0	2.64	1	33.446575	3	2	1	3	5	4.6666665	1.0	4.413889	1.0	1.0	4.0
0	2.67	2.64	0	26.745205	1	1	0	4	2	3.8333333	2.5454545	3.5694444	0.0	0.0	3.0
1	4.0	1.64	0	39.032875	6	2	1	2	5	3.5	1.2727273	3.7333333	1.0	0.0	3.0
1	3.67	1.56	0	49.536987	6	3	1	1	1	3.0	2.5454545	2.9666667	1.0	0.0	2.0
1	3.0	2.09	0	33.27671	7	1	0	4	2	3.8333333	1.3636364	4.2777777	1.0	0.0	3.0
0	4.0	2.36	0	24.947945	2	1	0	3	2	4.8333335	1.6363636	4.327778	0.0	1.0	4.0
1	4.33	1.36	1	39.41644	7	4	0	3	1	5.0	1.0909091	4.1666665	1.0	1.0	4.0
0	3.0	1.36	0	36.846577	5	3	0	3	2	4.1666665	1.1818181	4.388889	0.0	1.0	3.0
0	3.0	2.91	1	37.720547	6	2	0	2	3	1.5	2.5454545	2.5333333	0.0	0.0	1.0
1	3.0	2.36	1	36.82192	4	1	0	4	2	4.0	1.6363636	3.3833334	1.0	1.0	3.0
1	2.67	2.27	1	32.53425	6	4	1	3	2	4.5	1.7272727	4.3	1.0	1.0	4.0
0	4.0	2.18	1	43.756165	6	2	1	3	3	2.0	1.6363636	2.9416666	0.0	0.0	1.0
1	4.67	3.0	0	61.441097	1	2	0	3	1	4.3333335	1.7272727	4.211111	1.0	1.0	3.0
1	4.0	1.55	0	42.68767	3	4	0	3	1	3.6666667	2.1818182	3.2638888	1.0	0.0	3.0
1	2.0	1.18	0	29.531507	7	2	0	5	3	4.0	1.0909091	3.55	1.0	1.0	3.0
1	2.67	2.09	1	36.005478	1	4	0	4	2	3.1666667	1.6363636	3.1805556	1.0	0.0	2.0
0	3.0	2.64	0	28.975342	4	3	0	3	3	2.5	2.1818182	3.4416666	0.0	0.0	2.0
1	2.33	2.55	0	21.413698	4	1	1	3	1	3.6666667	2.1818182	3.6222222	1.0	0.0	3.0
1	4.67	1.91	0	26.79178	1	2	0	4	2	4.3333335	2.6363637	4.2527776	1.0	1.0	3.0
0	2.67	1.27	0	56.10959	1	2	1	5	5	3.6666667	1.3636364	3.838889	0.0	0.0	3.0
1	3.0	1.3	1	35.97534	1	2	1	4	2	4.5	1.0	4.4	1.0	1.0	4.0
1	3.67	2.0	0	37.550686	5	2	0	3	2	4.3333335	1.2727273	4.0444446	1.0	1.0	3.0
0	3.33	1.5	0	30.50137	1	4	0	3	2	3.6666667	1.0	4.1138887	0.0	0.0	3.0
1	2.67	1.64	0	31.638355	5	2	0	2	4	3.0	2.8181818	2.9166667	1.0	0.0	2.0
1	4.0	2.36	0	28.358904	7	1	0	4	2	3.1666667	2.6363637	3.213889	1.0	0.0	2.0
1	4.67	2.55	1	32.747944	1	4	0	4	2	3.8333333	1.8181819	3.836111	1.0	0.0	3.0
0	4.67	2.55	1	26.767124	1	2	0	1	1	4.3333335	3.1818182	3.886111	0.0	1.0	3.0
0	3.0	1.82	1	26.164383	4	1	0	4	1	4.1666665	2.8181818	3.1888888	0.0	1.0	3.0
1	1.67	1.82	1	30.31507	3	1	0	4	5	4.6666665	1.1818181	4.6222224	1.0	1.0	4.0
1	2.33	2.82	1	23.709589	3	1	1	2	3	4.3333335	2.5454545	3.4694445	1.0	1.0	3.0
1	5.0	2.36	1	32.91507	4	4	0	3	2	4.3333335	1.1818181	4.2777777	1.0	1.0	3.0
1	1.0	1.36	1	26.038357	5	2	1	4	4	4.1666665	1.2727273	3.8555555	1.0	1.0	3.0
1	1.33	1.0	1	56.60822	3	4	0	2	4	4.8333335	1.0	4.3777776	1.0	1.0	4.0
1	2.67	1.36	1	26.128767	3	2	0	2	2	5.0	1.0	4.3083334	1.0	1.0	4.0
1	2.0	2.27	1	26.241096	4	2	0	3	5	4.3333335	1.9090909	4.077778	1.0	1.0	3.0
0	3.0	2.8	1	43.81096	6	2	0	3	5	3.8333333	2.6	3.6694446	0.0	0.0	3.0
1	2.0	1.36	1	49.868492	3	4	0	4	4	4.6666665	1.3636364	4.6555557	1.0	1.0	4.0
0	3.33	1.55	0	25.578083	2	1	1	3	2	5.0	1.4545455	5.0	0.0	1.0	4.0
0	4.0	1.27	1	31.013699	3	4	1	3	1	5.0	1.2727273	4.425	0.0	1.0	4.0
1	4.0	1.64	0	27.80274	6	1	1	3	1	3.8333333	2.3636363	3.636111	1.0	0.0	3.0
1	3.33	1.18	0	35.824657	2	2	0	5	5	5.0	1.4545455	4.5	1.0	1.0	4.0
1	2.67	1.55	1	35.372604	1	1	1	3	2	4.0	1.7272727	4.0666666	1.0	1.0	3.0
0	3.33	1.36	0	40.29863	1	2	0	3	3	4.5	1.0909091	4.1833334	0.0	1.0	4.0
1	4.0	2.0	0	47.8	2	4	0	5	3	4.3333335	1.8181819	4.102778	1.0	1.0	3.0
0	2.67	2.36	1	45.123287	2	2	0	3	5	5.0	1.7272727	4.2916665	0.0	1.0	4.0
1	2.67	2.73	1	39.10137	1	4	0	4	4	4.0	1.5454545	3.875	1.0	1.0	3.0
1	2.0	1.18	1	45.830135	7	4	0	2	1	4.3333335	2.0	3.661111	1.0	1.0	3.0
1	3.33	1.55	1	41.939728	3	2	0	2	5	5.0	1.3636364	4.366667	1.0	1.0	4.0
0	5.0	2.64	1	35.457535	2	4	0	2	3	4.0	1.6363636	3.8083334	0.0	1.0	3.0
1	2.67	1.91	0	57.676712	5	2	0	1	3	4.1666665	1.0909091	4.5055556	1.0	1.0	3.0
1	4.33	2.27	1	46.89589	1	4	0	3	1	5.0	1.1818181	4.3333335	1.0	1.0	4.0
1	1.33	1.0	1	34.378082	3	3	0	2	5	5.0	1.0909091	4.7	1.0	1.0	4.0
0	1.67	1.82	1	28.490412	1	2	0	2	5	3.0	1.4545455	3.5833333	0.0	0.0	2.0
1	2.0	1.09	1	48.7863	3	2	0	2	5	4.3333335	1.0909091	4.1694446	1.0	1.0	3.0
0	3.33	2.6	1	27.739725	1	2	0	5	4	4.0	1.7272727	3.7916667	0.0	1.0	3.0
0	1.67	1.0	1	24.750685	3	1	0	4	1	4.5	1.2727273	4.4583335	0.0	1.0	4.0
1	3.33	2.73	0	31.923288	5	1	1	3	3	2.6666667	1.6363636	3.2638888	1.0	0.0	2.0
1	2.67	1.27	1	40.254795	3	2	0	2	1	4.8333335	1.5454545	4.302778	1.0	1.0	4.0
1	3.0	2.55	0	52.550686	1	2	0	5	4	3.0	3.1818182	3.0833333	1.0	0.0	2.0
1	2.33	1.36	1	46.526028	3	2	0	2	5	4.8333335	2.090909	4.0277777	1.0	1.0	4.0
1	2.33	1.18	0	27.613699	2	2	0	3	2	3.3333333	1.4545455	3.9027777	1.0	0.0	2.0
0	2.0	1.0	1	43.539726	3	2	0	2	5	2.5	2.7272727	2.8416667	0.0	0.0	2.0
0	3.0	2.82	1	39.838356	1	2	0	5	5	5.0	1.3636364	4.375	0.0	1.0	4.0
1	2.67	1.45	1	38.356163	3	4	0	3	1	5.0	1.2727273	4.5190477	1.0	1.0	4.0
0	3.33	1.73	0	38.263012	1	1	0	5	3	5.0	1.8181819	4.108333	0.0	1.0	4.0
0	1.67	2.45	1	42.271233	3	2	0	3	5	4.1666665	2.3636363	3.9972222	0.0	1.0	3.0
1	1.67	2.64	1	51.569862	3	2	0	2	5	5.0	1.6363636	4.05	1.0	1.0	4.0
1	2.67	1.36	0	39.40548	2	1	0	5	2	5.0	2.0	4.4666667	1.0	1.0	4.0
1	3.67	3.5	0	40.09589	7	2	0	2	3	3.6666667	2.909091	3.2722223	1.0	0.0	3.0
1	3.67	1.64	0	51.49863	5	2	0	2	4	3.6666667	1.0909091	3.9305556	1.0	0.0	3.0
1	3.67	1.91	0	27.775343	5	3	0	3	1	4.6666665	1.0909091	4.5805554	1.0	1.0	4.0
0	1.67	2.73	1	52.961643	2	2	0	2	5	3.8333333	2.4545455	3.6027777	0.0	0.0	3.0
1	2.33	1.09	0	25.857534	5	2	0	2	4	4.5	1.1818181	4.325	1.0	1.0	4.0
0	3.33	1.73	0	31.473972	5	1	0	2	1	2.6666667	1.9090909	2.3650794	0.0	0.0	2.0
0	2.67	2.45	1	53.545204	3	5	0	2	2	4.0	1.3636364	3.9333334	0.0	1.0	3.0
0	3.0	1.36	0	45.956165	5	4	0	2	4	3.8333333	1.6363636	3.8694444	0.0	0.0	3.0
0	1.67	1.18	0	31.59726	2	2	0	3	4	3.6666667	1.0	4.1805553	0.0	0.0	3.0
1	3.33	2.18	0	51.920547	2	4	0	3	2	4.5	1.3636364	4.1	1.0	1.0	4.0
0	2.67	1.18	0	27.084932	1	2	0	4	5	4.0	1.6363636	3.8083334	0.0	1.0	3.0
1	2.67	1.36	0	26.221918	7	1	0	3	2	3.3333333	1.4545455	3.5527778	1.0	0.0	2.0
0	3.67	2.6	1	26.580822	7	2	0	2	3	3.5	2.8181818	3.175	0.0	0.0	3.0
1	3.0	1.0	1	39.460274	3	1	0	3	1	4.0	1.0909091	4.1833334	1.0	1.0	3.0
1	2.67	1.0	1	42.126026	1	1	0	5	3	5.0	1.0	4.5666666	1.0	1.0	4.0
1	2.33	2.0	0	23.709589	7	1	0	3	1	3.3333333	2.0	3.4444444	1.0	0.0	2.0
1	1.67	1.73	1	56.10685	3	2	0	1	1	4.0	1.4545455	4.0916667	1.0	1.0	3.0
1	4.33	1.09	0	27.136986	3	2	1	2	2	4.8333335	1.0909091	4.5740743	1.0	1.0	4.0
0	2.67	2.0	1	31.210958	3	2	0	2	3	4.3333335	1.6363636	4.411111	0.0	1.0	3.0
1	2.33	1.73	0	45.671234	6	2	0	2	2	4.3333335	1.3636364	3.961111	1.0	1.0	3.0
1	2.33	1.27	0	61.473972	5	2	0	2	5	3.8333333	1.1818181	3.9861112	1.0	0.0	3.0
0	1.33	1.09	0	59.761642	3	2	0	5	3	3.6666667	1.0	4.4888887	0.0	0.0	3.0
0	3.33	1.0	0	58.60822	3	2	1	2	2	3.8333333	1.0909091	4.1277776	0.0	0.0	3.0
1	3.33	1.18	1	26.715069	3	1	0	2	2	3.3333333	1.6363636	3.7277777	1.0	0.0	2.0
0	4.0	2.18	1	37.52329	2	1	0	3	4	3.8333333	2.8181818	3.4694445	0.0	0.0	3.0
1	1.67	1.18	0	30.032877	2	1	0	5	2	4.0	1.6363636	4.1	1.0	1.0	3.0
0	2.67	2.0	0	51.97808	2	2	0	2	5	3.8333333	1.2727273	3.961111	0.0	0.0	3.0
0	3.0	1.09	0	42.4137	4	2	0	3	2	5.0	1.0909091	4.15	0.0	1.0	4.0
1	2.67	2.45	0	35.268494	7	2	0	3	2	4.3333335	3.0	3.3777778	1.0	1.0	3.0
1	3.33	1.45	0	22.969864	3	1	0	2	3	3.8333333	1.1818181	3.8444445	1.0	0.0	3.0
1	2.33	2.0	0	35.91507	6	1	0	4	4	4.1666665	2.090909	3.7638888	1.0	1.0	3.0
0	1.67	1.82	1	34.257534	2	1	0	2	3	4.0	1.0	3.9666667	0.0	1.0	3.0
1	3.33	1.09	1	33.953426	2	4	0	2	2	4.1666665	1.3636364	4.0555553	1.0	1.0	3.0
1	2.33	1.82	0	27.082191	1	2	0	3	2	4.0	1.0	4.3333335	1.0	1.0	3.0
1	4.67	2.0	1	27.70137	3	2	1	3	1	2.6666667	1.4545455	3.4222221	1.0	0.0	2.0
1	3.0	1.0	0	35.432877	1	2	0	3	5	5.0	1.0	4.733333	1.0	1.0	4.0
1	3.67	1.0	0	41.33151	2	3	0	4	3	5.0	1.1818181	4.866667	1.0	1.0	4.0
1	1.33	1.36	0	28.931507	5	1	0	3	4	3.5	2.2727273	3.9416666	1.0	0.0	3.0
1	3.0	1.73	1	39.375343	7	3	0	2	3	5.0	1.0	4.642857	1.0	1.0	4.0
1	1.67	1.55	1	18.687672	3	1	0	2	2	5.0	1.1818181	4.6666665	1.0	1.0	4.0
0	2.0	1.45	0	35.29589	1	2	0	4	5	4.5	1.2727273	4.1	0.0	1.0	4.0
0	3.33	1.91	0	23.131506	7	1	0	2	1	2.3333333	3.090909	2.6861112	0.0	0.0	1.0
1	2.0	1.91	0	44.054794	2	2	0	1	5	4.8333335	2.8181818	4.2694445	1.0	1.0	4.0
1	3.0	2.64	1	36.553425	2	2	0	3	4	2.6666667	1.6363636	3.1222222	1.0	0.0	2.0
1	3.33	1.18	1	39.969864	2	4	0	3	2	4.1666665	1.4	4.038889	1.0	1.0	3.0
1	3.67	2.0	0	44.536987	6	4	0	1	3	4.0	1.0	4.0	1.0	1.0	3.0
1	5.0	2.0	1	32.758904	1	1	0	4	2	5.0	1.8181819	4.0833335	1.0	1.0	4.0
0	2.33	2.55	0	27.769863	6	2	0	1	5	4.6666665	1.7272727	4.0805554	0.0	1.0	4.0
0	4.0	1.64	1	50.31781	4	4	0	2	1	3.6666667	1.6363636	3.738889	0.0	0.0	3.0
1	4.67	2.27	0	37.40822	2	2	0	3	5	3.1666667	2.6363637	2.7805555	1.0	0.0	2.0
1	3.0	2.45	1	32.052055	6	1	1	2	2	2.3333333	2.6363637	2.8694444	1.0	0.0	1.0
1	3.67	2.91	1	24.060274	2	1	0	2	1	4.1666665	1.7272727	4.038889	1.0	1.0	3.0
0	1.67	1.0	0	21.413698	6	1	0	3	1	3.5	1.3636364	3.8666666	0.0	0.0	3.0
0	2.33	1.0	1	37.150684	6	4	0	3	1	4.0	2.5454545	4.258333	0.0	1.0	3.0
0	2.67	2.27	0	28.789042	5	2	0	1	2	2.6666667	1.6363636	3.5462964	0.0	0.0	2.0
1	3.33	2.82	0	34.11507	1	4	0	3	4	4.5	2.0	3.8083334	1.0	1.0	4.0
1	3.33	1.2	0	23.063013	7	1	1	1	1	5.0	1.0	4.358333	1.0	1.0	4.0
1	1.33	2.0	1	32.920547	2	2	1	3	5	4.5	1.2727273	4.125	1.0	1.0	4.0
0	3.0	1.64	1	26.923288	7	2	1	3	3	3.5	3.0	3.2083333	0.0	0.0	3.0
1	4.33	2.09	1	53.558903	3	4	0	3	1	4.6666665	2.4545455	3.5638888	1.0	1.0	4.0
0	3.0	1.36	0	32.40548	2	2	0	3	3	5.0	1.0	4.5416665	0.0	1.0	4.0
0	3.33	2.8	1	39.83288	3	4	1	3	1	3.6666667	1.8181819	3.7222223	0.0	0.0	3.0
0	2.0	1.09	0	24.205479	6	1	1	4	1	5.0	1.0	4.5333333	0.0	1.0	4.0
1	3.0	1.82	1	45.70137	2	4	0	3	5	4.6666665	2.6363637	3.788889	1.0	1.0	4.0
0	3.33	1.64	1	28.767124	3	1	1	3	1	4.6666665	1.5454545	3.9305556	0.0	1.0	4.0
1	1.67	1.09	1	47.838356	3	2	1	3	3	4.8333335	1.8181819	4.327778	1.0	1.0	4.0
1	2.0	1.45	0	31.665754	3	2	0	4	5	5.0	1.3636364	4.391667	1.0	1.0	4.0
1	3.0	2.45	0	32.71507	4	2	0	5	4	4.0	1.5454545	4.05	1.0	1.0	3.0
1	2.0	1.64	0	35.29863	2	2	0	2	5	4.5	1.2727273	4.3	1.0	1.0	4.0
1	3.0	2.7	1	48.97808	3	2	0	2	5	5.0	2.090909	4.275	1.0	1.0	4.0
1	1.67	2.09	0	52.09863	5	2	1	2	4	1.1666666	1.7272727	3.0555556	1.0	0.0	1.0
1	3.0	1.64	1	43.936985	3	2	0	2	3	4.0	1.3636364	4.1583333	1.0	1.0	3.0
1	2.33	1.18	0	35.980824	6	3	0	1	1	3.8333333	2.4545455	3.9444444	1.0	0.0	3.0
1	2.0	2.36	1	20.849316	3	1	0	1	5	3.5	2.4545455	3.2666667	1.0	0.0	3.0
1	3.33	1.73	1	42.87945	7	2	1	2	5	4.1666665	1.0909091	4.0805554	1.0	1.0	3.0
0	2.33	1.18	0	26.8	2	2	0	3	4	4.8333335	1.3636364	3.8944445	0.0	1.0	4.0
1	1.0	1.0	1	34.778084	2	1	1	3	3	4.1666665	1.0909091	4.2555556	1.0	1.0	3.0
1	1.67	2.0	1	49.550686	1	2	0	3	5	3.1666667	2.0	3.2805555	1.0	0.0	2.0
1	2.33	2.0	1	25.545206	3	1	0	1	3	4.0	1.2727273	4.241667	1.0	1.0	3.0
1	4.33	2.91	0	31.389042	5	2	0	1	2	4.1666665	2.2727273	3.7055554	1.0	1.0	3.0
1	1.0	1.36	0	36.419178	1	1	0	3	2	2.3333333	1.9090909	2.7277777	1.0	0.0	1.0
0	3.67	2.36	1	33.68219	4	2	0	3	3	3.6666667	1.6363636	3.7805555	0.0	0.0	3.0
1	2.67	1.09	0	27.41644	7	2	0	2	1	3.6666667	1.2727273	3.7972221	1.0	0.0	3.0
1	3.0	2.36	0	35.7863	5	4	0	3	3	4.0	1.8181819	3.925	1.0	1.0	3.0
1	2.33	1.91	1	36.38904	5	2	0	3	5	3.3333333	1.2727273	3.511111	1.0	0.0	2.0
0	1.67	1.0	1	45.019176	3	4	0	2	3	5.0	1.0	4.633333	0.0	1.0	4.0
1	4.33	2.55	0	41.69863	5	4	0	2	1	4.1666665	2.7272727	3.1055555	1.0	1.0	3.0
0	2.67	1.09	0	27.928766	1	4	0	5	5	4.8333335	1.9090909	3.6861112	0.0	1.0	4.0
1	4.0	2.73	1	40.10137	3	2	0	5	5	4.3333335	2.7272727	3.3111112	1.0	1.0	3.0
0	2.67	2.0	1	47.778084	2	4	0	2	4	2.8333333	2.0	3.261111	0.0	0.0	2.0
1	2.67	1.73	0	44.18904	2	2	0	4	5	4.3333335	1.0	4.2694445	1.0	1.0	3.0
1	1.33	2.55	1	33.33151	4	2	0	4	4	3.3333333	1.3636364	3.1277778	1.0	0.0	2.0
1	4.67	2.64	1	52.539726	2	4	0	2	2	3.8333333	1.6363636	3.8111112	1.0	0.0	3.0
1	1.67	1.0	1	46.29863	2	2	0	3	5	3.8333333	1.0	3.9361112	1.0	0.0	3.0
1	3.0	1.45	1	60.78904	1	2	0	5	5	5.0	1.2727273	4.866667	1.0	1.0	4.0
1	4.0	1.27	0	29.578083	5	2	0	2	5	5.0	1.0	4.5	1.0	1.0	4.0
1	4.0	1.09	0	34.70959	4	4	0	2	4	3.8333333	1.4545455	4.0111113	1.0	0.0	3.0
1	2.33	3.0	0	39.230137	1	4	0	5	3	3.8333333	1.8181819	3.7027779	1.0	0.0	3.0
0	3.33	1.55	0	23.2	1	1	1	3	3	4.5	1.3636364	4.4416666	0.0	1.0	4.0
1	2.33	2.0	1	53.153423	3	5	0	2	2	3.3333333	2.909091	3.4861112	1.0	0.0	2.0
0	2.33	1.55	1	35.80822	3	1	0	4	3	4.1666665	1.3636364	3.538889	0.0	1.0	3.0
0	1.67	1.09	1	55.28767	3	2	0	3	5	4.3333335	1.0	4.477778	0.0	1.0	3.0
1	2.0	1.0	1	45.147945	1	2	0	4	5	4.5	1.0909091	4.45	1.0	1.0	4.0
1	3.0	1.91	0	30.627398	2	2	0	3	5	4.8333335	1.1818181	4.0444446	1.0	1.0	4.0
0	5.0	2.64	0	44.441097	5	4	0	3	5	3.5	3.090909	3.2916667	0.0	0.0	3.0
1	2.67	1.64	0	46.739727	2	1	0	3	3	3.5	1.4545455	4.008333	1.0	0.0	3.0
1	2.0	1.09	0	44.457535	5	2	0	2	3	4.8333335	1.3636364	4.611111	1.0	1.0	4.0
1	2.67	2.64	1	44.643837	4	2	0	3	5	3.8333333	2.4545455	3.2166667	1.0	0.0	3.0
1	2.33	1.27	0	29.50411	2	2	1	4	4	4.0	1.0	4.233333	1.0	1.0	3.0
0	1.0	1.27	1	52.057533	3	2	0	2	5	4.5	1.6363636	4.1833334	0.0	1.0	4.0
1	2.67	1.45	0	43.61644	4	2	0	4	5	4.5	1.0	4.425	1.0	1.0	4.0
1	4.0	2.36	0	21.816439	4	2	0	3	2	4.6666665	2.7272727	4.1222224	1.0	1.0	4.0
0	1.67	1.09	1	24.358904	3	1	1	3	5	4.0	1.0	4.1	0.0	1.0	3.0
0	5.0	1.91	0	40.11507	6	2	0	3	4	3.0	2.8181818	3.1833334	0.0	0.0	2.0
1	3.0	3.0	1	42.857533	7	4	0	2	3	1.1666666	1.9090909	2.6722221	1.0	0.0	1.0
1	2.67	1.45	0	36.635616	6	2	0	2	3	3.6666667	1.4545455	3.5472221	1.0	0.0	3.0
1	4.67	2.67	1	43.80822	2	3	0	2	1	4.5	1.7272727	4.425	1.0	1.0	4.0
1	3.33	1.55	1	29.449314	1	4	0	4	3	3.5	1.0909091	3.725	1.0	0.0	3.0
0	3.0	2.2	1	27.419178	2	2	0	3	5	3.8333333	1.7272727	3.7194445	0.0	0.0	3.0
0	3.0	2.64	1	46.323288	3	2	0	2	5	4.0	1.2727273	3.6166666	0.0	1.0	3.0
0	2.0	1.91	1	34.065754	3	2	0	3	4	2.8333333	2.2727273	3.1777778	0.0	0.0	2.0
1	2.0	1.45	1	35.6	2	2	0	2	5	5.0	2.6363637	4.4166665	1.0	1.0	4.0
1	2.67	1.8	0	31.271233	3	1	0	2	3	4.3333335	1.4545455	3.9861112	1.0	1.0	3.0
1	4.67	1.45	1	53.49315	4	4	0	2	2	3.8333333	1.3636364	3.7777777	1.0	0.0	3.0
0	3.67	1.27	0	33.876713	7	2	0	2	2	4.8333335	1.3636364	4.4027777	0.0	1.0	4.0
1	4.0	1.64	0	26.663013	5	2	0	3	2	4.3333335	1.3636364	3.9694445	1.0	1.0	3.0
1	3.0	1.0	0	41.649315	6	2	0	2	5	4.3333335	1.0	4.3777776	1.0	1.0	3.0
1	1.33	1.0	1	53.246574	4	2	0	2	5	4.6666665	1.0909091	4.2222223	1.0	1.0	4.0
1	3.0	1.73	1	54.090412	6	5	0	1	2	3.8333333	1.2727273	4.0027776	1.0	0.0	3.0
1	3.67	1.55	1	25.205479	2	2	0	3	5	4.6666665	2.6363637	4.0305557	1.0	1.0	4.0
0	3.0	2.73	0	26.178082	1	1	0	4	3	4.6666665	2.0	4.1305556	0.0	1.0	4.0
0	2.67	2.18	1	23.536985	3	1	0	2	2	5.0	1.6363636	4.0416665	0.0	1.0	4.0
0	2.33	1.45	0	30.147945	5	1	0	4	5	3.6666667	1.4545455	3.7638888	0.0	0.0	3.0
0	4.0	2.18	1	31.4	1	4	0	4	3	4.5	2.090909	4.0666666	0.0	1.0	4.0
1	4.33	2.27	1	31.734247	1	1	0	3	2	3.5	1.7272727	3.2333333	1.0	0.0	3.0
1	4.33	1.8	0	31.016438	1	2	0	2	2	4.1666665	1.6363636	3.8805556	1.0	1.0	3.0
1	3.33	2.64	1	27.430138	2	1	1	5	1	3.8333333	1.7272727	4.061111	1.0	0.0	3.0
1	3.33	1.55	0	45.624657	3	2	0	2	3	5.0	1.1818181	4.9666667	1.0	1.0	4.0
0	2.33	2.91	1	40.19726	3	4	0	1	3	4.1666665	2.2	4.2055554	0.0	1.0	3.0
0	5.0	1.36	0	51.282192	6	2	0	1	1	5.0	1.4545455	4.6	0.0	1.0	4.0
0	4.33	1.18	0	37.728767	7	4	1	2	1	3.3333333	1.5454545	3.6444445	0.0	0.0	2.0
1	3.33	2.55	1	37.967125	3	1	0	3	1	3.6666667	1.2727273	3.4305556	1.0	0.0	3.0
1	3.0	2.36	1	29.709589	3	3	1	3	3	5.0	2.090909	4.391667	1.0	1.0	4.0
0	2.67	1.36	1	36.70137	3	2	0	2	1	3.3333333	3.0	3.4444444	0.0	0.0	2.0
1	3.0	2.82	1	33.89863	7	1	0	2	3	3.8333333	1.2727273	3.9777777	1.0	0.0	3.0
0	4.0	2.09	1	59.326027	7	2	0	1	1	3.8333333	1.3636364	3.886111	0.0	0.0	3.0
1	3.0	1.45	1	42.745205	3	4	0	2	3	4.6666665	1.2727273	4.4722223	1.0	1.0	4.0
1	3.33	1.36	1	29.227398	3	2	0	3	2	4.5	1.5454545	4.5	1.0	1.0	4.0
0	1.67	1.36	0	25.50685	1	2	0	4	4	4.1666665	1.1818181	4.3055553	0.0	1.0	3.0
1	2.67	2.8	0	22.136986	7	1	0	2	2	3.1666667	1.6363636	3.1388888	1.0	0.0	2.0
0	3.33	1.09	0	32.791782	1	2	0	5	3	4.3333335	1.1818181	3.911111	0.0	1.0	3.0
1	2.33	2.0	0	21.865753	7	1	0	2	1	4.3333335	2.0	3.8148148	1.0	1.0	3.0
1	3.0	1.0	0	24.638355	7	1	1	2	3	4.1666665	1.0909091	3.9972222	1.0	1.0	3.0
1	1.33	1.0	1	57.136986	6	2	0	1	4	3.3333333	1.0	3.786111	1.0	0.0	2.0
1	3.0	1.36	0	46.057533	2	2	0	4	5	4.0	1.0909091	3.6333334	1.0	1.0	3.0
1	3.67	2.18	0	32.624657	2	2	0	3	3	2.8333333	2.8181818	2.836111	1.0	0.0	2.0
0	2.0	1.6	1	52.8	6	4	0	1	3	4.1666665	1.2727273	4.0805554	0.0	1.0	3.0
1	3.33	2.27	1	55.70685	3	2	0	3	5	4.0	1.4545455	3.7916667	1.0	1.0	3.0
1	4.33	1.55	1	47.027397	1	4	1	4	1	4.6666665	1.3636364	4.038889	1.0	1.0	4.0
1	4.33	2.09	1	48.841095	1	4	0	2	2	3.8333333	2.4545455	3.9777777	1.0	0.0	3.0
0	2.67	1.36	0	33.31781	5	2	0	2	3	4.0	1.0909091	4.2	0.0	1.0	3.0
1	2.67	2.09	0	34.561646	7	2	0	2	4	4.3333335	1.1818181	4.086111	1.0	1.0	3.0
1	2.33	1.09	1	35.70685	7	4	1	3	1	4.8333335	1.0909091	4.0444446	1.0	1.0	4.0
1	3.0	1.2	1	39.865753	3	2	0	3	3	4.1666665	2.3636363	3.8805556	1.0	1.0	3.0
1	3.0	2.0	1	26.273973	1	1	1	2	3	4.1666665	1.7272727	4.288889	1.0	1.0	3.0
1	4.0	2.73	0	27.11233	5	2	0	2	2	4.3333335	1.8181819	3.536111	1.0	1.0	3.0
1	3.67	1.91	0	39.27671	6	4	1	1	3	2.5	2.5454545	2.625	1.0	0.0	2.0
1	1.67	1.82	0	34.46575	1	1	0	5	3	2.5	2.2727273	2.9666667	1.0	0.0	2.0
0	2.0	1.73	0	28.734247	3	1	0	4	2	3.6666667	2.2727273	3.3138888	0.0	0.0	3.0
1	1.33	1.27	1	45.671234	3	2	0	2	5	3.5	1.6363636	4.366667	1.0	0.0	3.0
1	2.33	2.45	1	22.49315	3	2	0	2	2	3.1666667	2.0	3.2972221	1.0	0.0	2.0
1	2.0	1.0	1	37.873974	3	2	0	2	3	3.0	2.1818182	3.6583333	1.0	0.0	2.0
1	2.33	2.64	1	31.643835	5	1	0	2	2	4.0	3.0	3.5916667	1.0	1.0	3.0
0	1.0	2.55	1	40.08767	6	4	1	3	5	3.8333333	1.1818181	4.177778	0.0	0.0	3.0
0	3.33	1.64	1	34.02466	2	1	0	3	3	5.0	1.4545455	4.358333	0.0	1.0	4.0
1	3.67	2.91	0	33.32055	5	2	0	2	4	5.0	1.2727273	4.5916667	1.0	1.0	4.0
1	4.0	2.36	0	30.665754	5	1	0	2	2	2.3333333	1.9090909	2.8111112	1.0	0.0	1.0
0	2.67	1.0	1	39.8	6	1	1	2	3	3.3333333	1.0	3.8194444	0.0	0.0	2.0
0	2.67	2.0	1	41.550686	3	2	0	3	3	2.8333333	1.0909091	3.7444444	0.0	0.0	2.0
1	3.67	1.36	0	30.375343	6	2	0	2	5	4.5	1.0909091	4.4333334	1.0	1.0	4.0
0	3.0	2.09	1	37.68219	1	1	0	3	2	4.8333335	1.7272727	4.086111	0.0	1.0	4.0
1	3.33	3.0	1	25.49863	3	1	0	2	4	4.1666665	2.6363637	3.7555556	1.0	1.0	3.0
0	3.0	2.18	1	50.556164	2	4	0	2	3	4.1666665	2.909091	3.8972223	0.0	1.0	3.0
1	1.67	2.55	1	29.2	2	2	0	4	5	4.8333335	1.0909091	4.286111	1.0	1.0	4.0
1	3.33	2.0	0	30.758904	6	1	1	2	1	3.6666667	2.1818182	3.5972223	1.0	0.0	3.0
1	3.0	1.9	1	24.871233	3	1	0	4	1	3.3333333	2.3	3.0277777	1.0	0.0	2.0
1	4.0	2.36	0	20.126028	5	1	0	2	1	4.5	2.0	3.75	1.0	1.0	4.0
1	1.0	1.0	1	47.221916	6	2	0	2	5	3.0	1.9090909	2.975	1.0	0.0	2.0
1	2.0	2.64	1	49.780823	6	4	0	1	4	5.0	3.0	4.733333	1.0	1.0	4.0
1	1.33	1.27	1	27.356165	2	2	0	5	5	4.3333335	1.5454545	4.211111	1.0	1.0	3.0
1	1.0	1.0	1	32.31233	6	2	0	2	5	5.0	1.0	4.733333	1.0	1.0	4.0
1	2.0	1.73	1	28.550686	7	2	0	2	2	3.5	1.6363636	3.875	1.0	0.0	3.0
0	3.67	1.27	1	34.12055	6	1	0	2	2	3.8333333	2.909091	3.1944444	0.0	0.0	3.0
0	2.0	2.09	1	39.10411	7	1	0	4	3	2.0	2.090909	2.825	0.0	0.0	1.0
1	2.67	1.0	1	25.019178	6	1	0	2	1	3.5	1.6363636	3.925	1.0	0.0	3.0
1	2.67	1.55	1	21.126028	3	1	0	3	5	3.3333333	1.1818181	3.7453704	1.0	0.0	2.0
0	2.0	1.91	0	42.813698	1	2	0	5	2	4.8333335	1.9090909	4.102778	0.0	1.0	4.0
1	1.67	1.82	1	35.49041	6	2	0	4	5	3.5	2.7272727	3.7666667	1.0	0.0	3.0
1	3.33	2.36	0	60.63014	1	2	0	5	5	5.0	1.1818181	4.4166665	1.0	1.0	4.0
0	1.67	1.73	0	41.353424	6	4	0	3	2	3.1666667	1.9090909	2.9972222	0.0	0.0	2.0
1	3.0	2.82	1	60.561646	3	5	0	3	2	1.0	1.0	2.4583333	1.0	0.0	1.0
1	4.0	1.0	0	47.19452	2	2	0	4	5	5.0	1.0	4.6583333	1.0	1.0	4.0
1	5.0	2.55	0	49.852055	4	4	1	2	2	4.0	2.2727273	3.775	1.0	1.0	3.0
0	4.67	2.82	0	41.375343	6	2	0	2	3	3.8333333	1.7272727	3.461111	0.0	0.0	3.0
1	3.0	2.27	1	37.564384	3	1	0	2	1	4.3333335	1.1818181	4.1944447	1.0	1.0	3.0
0	4.0	1.91	0	52.32055	6	2	0	2	3	3.6666667	1.7272727	4.0305557	0.0	0.0	3.0
1	5.0	2.27	0	32.08219	3	1	0	3	4	5.0	1.8181819	4.1	1.0	1.0	4.0
1	2.0	1.27	0	39.12055	6	1	1	3	3	4.6666665	3.5454545	3.4555554	1.0	1.0	4.0
1	3.0	1.4	0	31.69863	7	2	0	3	3	4.1666665	1.0	4.0555553	1.0	1.0	3.0
0	1.33	1.4	1	16.528767	7	1	0	1	1	4.1666665	1.2727273	3.4722223	0.0	1.0	3.0
1	1.33	1.09	0	26.50137	3	1	0	4	2	4.0	1.0909091	3.775	1.0	1.0	3.0
0	2.67	1.6	0	62.175343	1	2	0	4	3	3.8333333	1.5454545	3.886111	0.0	0.0	3.0
1	3.0	1.27	1	51.334248	7	2	1	2	3	4.6666665	1.0	4.2555556	1.0	1.0	4.0
1	4.33	1.18	1	56.40274	1	2	0	3	5	4.0	1.3636364	3.775	1.0	1.0	3.0
1	1.33	1.55	0	42.80274	1	2	1	5	5	3.8333333	1.4545455	4.5111113	1.0	0.0	3.0
1	2.67	2.36	0	27.794521	6	1	1	3	1	1.8333334	1.9090909	2.4777777	1.0	0.0	1.0
0	1.33	1.55	1	43.336987	3	2	0	5	5	3.8333333	1.7272727	3.661111	0.0	0.0	3.0
1	3.0	1.2	1	60.378082	7	4	0	2	2	5.0	1.2	4.633333	1.0	1.0	4.0
1	3.0	2.09	0	51.20274	4	2	0	4	5	4.8333335	1.7272727	4.211111	1.0	1.0	4.0
1	2.67	1.91	0	25.0	6	1	1	2	1	2.6666667	1.3636364	3.2305555	1.0	0.0	2.0
1	3.0	1.91	1	27.931507	2	2	0	3	5	5.0	1.0909091	4.5333333	1.0	1.0	4.0
1	3.67	2.64	1	45.70685	1	2	0	5	3	4.0	3.2727273	3.1416667	1.0	1.0	3.0
1	2.67	1.18	0	44.041096	4	2	0	4	4	4.5	1.3636364	4.4333334	1.0	1.0	4.0
0	2.33	2.0	0	72.479454	4	2	0	5	3	4.3333335	2.6363637	3.7361112	0.0	1.0	3.0
0	2.33	1.27	0	63.994522	1	2	0	3	4	3.5	1.3636364	3.7666667	0.0	0.0	3.0
1	3.67	1.18	1	28.40548	4	4	0	2	2	5.0	1.0	4.4666667	1.0	1.0	4.0
0	2.67	1.27	0	37.717808	5	3	1	2	3	4.6666665	1.3636364	4.272222	0.0	1.0	4.0
1	3.0	1.45	0	35.70685	4	2	0	5	4	4.3333335	1.1818181	4.2777777	1.0	1.0	3.0
0	4.67	1.45	1	24.827396	3	1	1	2	1	5.0	1.0	4.491667	0.0	1.0	4.0
1	3.33	2.36	1	32.40822	2	4	0	4	3	5.0	1.6363636	4.141667	1.0	1.0	4.0
0	1.0	1.0	1	60.10411	3	2	0	3	5	2.8333333	1.0909091	3.6111112	0.0	0.0	2.0
0	2.67	1.36	0	44.868492	1	2	1	3	5	3.3333333	1.0909091	2.7944446	0.0	0.0	2.0
1	1.33	1.73	1	41.59452	1	2	0	4	5	4.6666665	1.5454545	4.213889	1.0	1.0	4.0
1	3.67	1.36	0	32.813698	7	1	0	3	2	4.3333335	1.8181819	4.336111	1.0	1.0	3.0
1	4.0	2.18	0	54.780823	1	2	0	2	5	3.6666667	2.0	3.4222221	1.0	0.0	3.0
1	2.0	1.91	1	47.347946	3	4	0	4	2	4.1666665	2.3636363	4.013889	1.0	1.0	3.0
1	3.33	1.45	1	35.728767	3	2	0	4	4	3.5	2.3636363	3.6166666	1.0	0.0	3.0
1	4.33	2.64	0	45.980824	4	4	0	5	5	4.3333335	2.1818182	4.5027776	1.0	1.0	3.0
1	2.67	2.18	1	44.40548	1	4	0	3	2	5.0	1.2727273	4.5666666	1.0	1.0	4.0
1	3.0	1.27	0	23.739725	2	1	0	4	1	4.0	2.6363637	3.95	1.0	1.0	3.0
0	2.0	1.09	1	40.89041	3	2	0	3	5	5.0	1.0	4.358333	0.0	1.0	4.0
0	3.67	1.82	0	31.693151	1	1	0	5	1	4.1666665	2.090909	3.6222222	0.0	1.0	3.0
1	3.67	2.18	1	30.345205	5	4	0	3	2	5.0	2.4545455	4.2916665	1.0	1.0	4.0
1	3.0	2.2	0	53.02466	2	2	0	3	5	4.3333335	2.0	3.411111	1.0	1.0	3.0
0	3.67	1.73	0	28.452055	5	2	0	2	2	4.6666665	1.7272727	4.3472223	0.0	1.0	4.0
0	2.33	1.55	1	52.49589	7	2	0	2	3	3.8333333	1.6363636	3.461111	0.0	0.0	3.0
1	3.0	1.73	1	50.08767	3	2	0	3	3	4.1666665	1.8181819	3.8055556	1.0	1.0	3.0
1	4.33	1.09	1	28.863014	2	2	0	4	5	5.0	1.1818181	4.6	1.0	1.0	4.0
0	3.33	2.91	1	57.246574	1	4	0	3	2	3.8333333	1.8181819	4.2194443	0.0	0.0	3.0
1	2.33	1.91	1	53.238358	3	4	0	2	2	4.0	2.0	4.2	1.0	1.0	3.0
1	2.67	1.4	0	63.057533	1	2	0	3	5	4.0	1.1818181	4.15	1.0	1.0	3.0
0	4.33	1.09	0	34.567123	4	4	0	3	3	4.6666665	2.2727273	3.3305554	0.0	1.0	4.0
1	4.33	1.73	1	46.10411	4	4	0	2	3	4.0	1.5454545	4.225	1.0	1.0	3.0
1	3.33	1.36	0	28.509588	2	2	0	3	3	4.5	1.0	4.5666666	1.0	1.0	4.0
1	2.67	2.09	1	46.47945	3	2	0	2	4	4.0	1.2727273	3.75	1.0	1.0	3.0
1	4.33	2.09	0	43.134247	3	2	0	4	3	4.3333335	1.1818181	4.0277777	1.0	1.0	3.0
1	2.67	1.36	0	24.50411	5	1	0	3	3	4.1666665	2.090909	4.0055556	1.0	1.0	3.0
1	4.33	2.73	1	29.668493	1	1	0	3	2	4.3333335	2.4545455	4.286111	1.0	1.0	3.0
1	3.0	2.73	1	26.260275	4	1	0	4	2	4.8333335	3.0	4.161111	1.0	1.0	4.0
1	2.33	2.09	1	18.832876	3	1	0	2	1	4.0	2.7272727	3.2416666	1.0	1.0	3.0
1	3.0	1.55	1	46.649315	1	2	0	5	3	5.0	1.4545455	4.633333	1.0	1.0	4.0
1	2.67	1.36	0	38.065754	2	2	0	5	5	4.6666665	1.2727273	4.0805554	1.0	1.0	4.0
0	2.67	1.3	1	53.51233	2	2	0	2	2	4.6666665	1.0	4.338889	0.0	1.0	4.0
1	3.67	2.64	1	23.772602	2	1	0	4	2	3.1666667	3.5454545	3.2305555	1.0	0.0	2.0
0	5.0	2.25	0	58.21096	2	2	0	1	5	5.0	1.1818181	3.6	0.0	1.0	4.0
0	3.0	1.91	1	32.860275	2	2	0	2	3	3.6666667	3.1818182	3.538889	0.0	0.0	3.0
1	4.33	2.55	0	39.09315	5	4	0	3	2	3.8333333	3.0	3.5194445	1.0	0.0	3.0
0	3.0	2.36	0	25.30959	6	1	0	2	1	4.3333335	3.2727273	3.4777777	0.0	1.0	3.0
1	4.0	2.82	1	43.71233	2	4	0	2	2	3.1666667	1.8181819	3.3472223	1.0	0.0	2.0
1	1.33	1.0	1	50.10959	4	2	0	2	5	4.0	1.0	4.2	1.0	1.0	3.0
0	2.67	1.73	0	26.41644	1	1	0	3	2	4.1666665	1.6363636	4.0055556	0.0	1.0	3.0
1	5.0	2.82	1	43.08219	6	4	0	2	2	5.0	2.0	4.1833334	1.0	1.0	4.0
1	3.0	1.91	1	46.739727	3	1	0	3	3	3.1666667	1.4545455	3.288889	1.0	0.0	2.0
0	3.67	2.09	1	46.843834	4	4	0	3	2	4.0	1.7272727	3.8333333	0.0	1.0	3.0
1	3.33	1.0	0	48.2137	2	2	1	3	5	4.6666665	1.0	4.4805555	1.0	1.0	4.0
1	5.0	1.91	0	30.49863	5	1	0	1	2	3.1666667	1.8181819	3.4972222	1.0	0.0	2.0
1	5.0	2.64	1	39.958904	3	4	0	3	1	3.1666667	1.8181819	3.5222223	1.0	0.0	2.0
1	3.67	1.82	0	59.70137	5	2	0	2	3	4.0	1.4545455	3.8333333	1.0	1.0	3.0
0	3.33	2.09	1	31.673973	3	1	0	3	3	4.0	1.7272727	3.2916667	0.0	1.0	3.0
1	3.0	1.73	0	29.68493	1	2	0	5	4	4.1666665	2.3636363	3.6722221	1.0	1.0	3.0
1	3.67	1.0	0	30.339725	5	4	0	3	2	4.6666665	1.0	4.6555557	1.0	1.0	4.0
1	3.0	2.33	0	39.769863	7	2	1	4	2	3.8333333	1.2727273	3.536111	1.0	0.0	3.0
1	4.0	1.36	1	38.2	1	2	0	4	1	4.5	1.4545455	4.1916666	1.0	1.0	4.0
1	2.33	2.0	0	40.66849	2	4	0	5	3	4.1666665	2.6363637	3.4388888	1.0	1.0	3.0
1	1.67	1.09	0	23.271233	6	1	0	2	2	3.8333333	1.0	3.9444444	1.0	0.0	3.0
1	2.0	1.09	0	26.0	2	1	0	2	5	4.1666665	1.2727273	3.7638888	1.0	1.0	3.0
1	2.67	2.64	1	34.772602	2	1	0	4	4	4.0	2.1818182	3.8333333	1.0	1.0	3.0
1	2.67	1.82	0	56.29863	6	2	0	2	3	3.3333333	1.0	3.8694444	1.0	0.0	2.0
0	2.67	1.91	1	31.30959	2	2	0	3	5	3.0	2.5454545	3.0666666	0.0	0.0	2.0
0	2.67	2.0	1	26.745205	7	2	0	1	4	3.5	1.8181819	3.575	0.0	0.0	3.0
1	2.67	1.0	0	35.89589	1	2	1	5	4	3.8333333	1.6363636	3.7277777	1.0	0.0	3.0
0	3.67	1.91	0	22.961643	5	1	0	2	4	3.5	1.0	3.6916666	0.0	0.0	3.0
1	3.33	2.27	0	45.169865	1	1	0	4	4	3.5	2.0	3.4916666	1.0	0.0	3.0
1	2.67	2.0	1	44.99726	1	2	0	5	3	3.6666667	1.9090909	3.6388888	1.0	0.0	3.0
0	2.67	1.18	1	51.68219	3	2	0	2	3	5.0	1.0909091	4.6	0.0	1.0	4.0
1	3.33	1.45	0	36.449314	6	1	0	5	5	3.8333333	1.3636364	3.6194444	1.0	0.0	3.0
0	2.67	2.0	1	52.736988	3	5	0	3	2	3.5	1.0909091	3.375	0.0	0.0	3.0
1	2.67	1.0	0	25.150684	6	1	0	1	1	4.0	1.6363636	3.8083334	1.0	1.0	3.0
1	1.0	1.0	1	37.30411	4	1	1	4	3	5.0	1.0	4.866667	1.0	1.0	4.0
1	4.33	2.36	0	55.353424	6	2	1	3	1	3.3333333	1.7272727	3.7361112	1.0	0.0	2.0
1	1.67	1.18	1	32.19452	3	4	0	3	3	3.1666667	1.5454545	3.3472223	1.0	0.0	2.0
1	2.67	1.6	0	26.7863	1	2	0	4	5	5.0	1.0909091	4.5833335	1.0	1.0	4.0
1	4.33	3.0	1	49.410957	5	4	0	3	2	4.0	1.7272727	4.125	1.0	1.0	3.0
0	4.0	2.2	1	32.70411	1	1	1	4	1	4.6666665	1.3636364	4.413889	0.0	1.0	4.0
1	3.0	1.27	1	27.616438	1	4	0	3	3	5.0	1.1818181	4.633333	1.0	1.0	4.0
0	3.33	1.64	0	35.372604	2	1	0	2	2	4.3333335	1.8181819	4.3444443	0.0	1.0	3.0
0	3.0	2.09	0	24.523287	7	4	0	3	1	3.6666667	2.090909	3.7972221	0.0	0.0	3.0
1	3.33	2.0	0	53.10959	1	2	0	3	3	3.8333333	1.6363636	3.4527779	1.0	0.0	3.0
1	4.0	1.73	0	22.528767	5	2	0	2	1	3.1666667	1.1818181	3.3972223	1.0	0.0	2.0
0	3.0	1.18	0	22.142466	5	1	0	2	3	4.0	1.4545455	4.138889	0.0	1.0	3.0
1	2.67	1.0	1	35.950684	1	2	0	2	4	4.1666665	1.0909091	4.2222223	1.0	1.0	3.0
1	2.67	1.45	0	45.19452	3	2	0	4	1	3.6666667	1.6	3.7222223	1.0	0.0	3.0
1	2.0	1.73	1	36.375343	5	2	0	2	5	3.1666667	1.6363636	3.3305554	1.0	0.0	2.0
0	3.0	2.36	1	38.9863	7	2	1	2	3	4.3333335	1.6363636	3.786111	0.0	1.0	3.0
1	2.33	1.45	1	57.50685	3	1	0	2	2	3.6666667	1.2	4.0055556	1.0	0.0	3.0
1	3.0	1.18	0	24.794521	6	1	0	2	3	4.5	1.1818181	4.366667	1.0	1.0	4.0
1	3.67	2.55	0	49.27397	6	3	0	2	1	3.1666667	1.4545455	3.0138888	1.0	0.0	2.0
1	2.67	1.36	0	44.89041	2	2	0	5	4	4.6666665	1.0	4.5555553	1.0	1.0	4.0
0	2.0	1.18	1	47.736988	6	4	0	2	3	4.0	1.1818181	4.1666665	0.0	1.0	3.0
1	3.67	1.91	0	32.89863	5	1	0	1	1	3.3333333	1.9090909	3.1111112	1.0	0.0	2.0
0	3.33	2.64	1	42.156166	3	2	0	3	3	4.3333335	2.1818182	4.2694445	0.0	1.0	3.0
1	1.0	1.27	0	42.238358	6	2	0	3	3	3.8333333	1.2727273	3.3666666	1.0	0.0	3.0
1	3.0	2.45	0	37.90137	6	2	0	3	3	4.6666665	1.6363636	4.4888887	1.0	1.0	4.0
0	5.0	1.18	0	56.30959	5	2	0	1	3	4.8333335	1.4545455	4.711111	0.0	1.0	4.0
1	2.0	1.55	1	28.70685	1	1	1	5	1	4.8333335	1.8181819	4.327778	1.0	1.0	4.0
1	3.0	2.55	1	33.89315	2	1	0	5	3	2.8333333	2.4545455	2.7277777	1.0	0.0	2.0
1	2.0	2.27	1	41.208218	3	3	0	2	4	5.0	2.7272727	3.9333334	1.0	1.0	4.0
1	3.0	2.09	0	24.986301	5	1	0	3	3	3.6666667	1.8181819	3.988889	1.0	0.0	3.0
0	1.33	2.27	1	30.435616	3	2	0	4	5	2.1666667	1.8181819	2.5472221	0.0	0.0	1.0
0	4.0	2.1	1	33.72603	1	1	1	3	3	3.6666667	1.8181819	3.538889	0.0	0.0	3.0
0	3.33	2.36	0	29.632877	6	2	0	1	2	2.8333333	2.4545455	2.7944446	0.0	0.0	2.0
1	3.0	1.18	0	43.80274	7	4	0	2	2	4.3333335	1.4545455	4.3944445	1.0	1.0	3.0
0	1.33	2.55	1	32.60274	6	2	0	2	4	3.6666667	1.1818181	3.6222222	0.0	0.0	3.0
0	2.33	1.27	1	26.328768	2	1	0	4	2	4.5	1.7272727	4.241667	0.0	1.0	4.0
1	4.0	1.45	1	44.838356	7	4	0	3	1	4.0	1.4545455	3.8666666	1.0	1.0	3.0
0	3.67	1.73	1	20.693151	1	1	0	3	2	4.1666665	1.9090909	3.9305556	0.0	1.0	3.0
0	1.67	1.45	1	48.156166	1	2	0	5	5	4.1666665	1.6363636	3.7638888	0.0	1.0	3.0
1	3.67	1.73	0	30.008219	7	2	1	2	1	4.3333335	1.7272727	4.0444446	1.0	1.0	3.0
0	3.33	1.09	1	37.769863	3	4	0	2	1	5.0	1.0	4.4	0.0	1.0	4.0
0	2.33	1.45	1	21.873972	3	1	0	2	3	3.0	1.5454545	3.0416667	0.0	0.0	2.0
1	2.67	2.0	0	37.68767	1	1	0	3	2	3.8333333	1.6363636	3.961111	1.0	0.0	3.0
1	1.0	1.73	1	37.134247	2	4	0	5	3	3.8333333	2.0	4.077778	1.0	0.0	3.0
1	2.33	1.82	1	22.824657	3	1	0	4	2	3.0	1.2727273	3.575	1.0	0.0	2.0
1	3.33	2.91	1	24.093151	3	1	1	2	1	4.0	2.6363637	3.3083334	1.0	1.0	3.0
1	1.67	2.44	0	55.61918	3	2	0	5	3	3.5	1.7272727	3.4083333	1.0	0.0	3.0
0	3.0	2.18	1	29.457535	1	2	0	5	5	4.1666665	1.2727273	4.3555555	0.0	1.0	3.0
1	2.0	2.0	0	35.643837	2	2	0	3	3	4.0	1.3636364	4.0833335	1.0	1.0	3.0
0	2.0	1.6	1	42.92877	1	4	0	5	4	4.0	1.8	3.9083333	0.0	1.0	3.0
1	2.33	1.55	0	27.421917	7	1	0	1	1	3.3333333	1.0	3.3694444	1.0	0.0	2.0
0	3.67	1.45	1	36.16712	3	2	0	3	2	5.0	1.0	4.3	0.0	1.0	4.0
0	3.67	1.09	1	45.0	4	4	0	5	5	5.0	1.2727273	5.0	0.0	1.0	4.0
1	3.67	1.09	1	29.408218	3	2	0	2	5	4.0	1.2727273	3.775	1.0	1.0	3.0
1	2.33	2.0	1	35.835617	6	2	0	2	4	4.8333335	2.0	4.2694445	1.0	1.0	4.0
1	4.0	2.6	1	50.528767	1	1	0	4	2	2.6666667	3.3636363	2.8055556	1.0	0.0	2.0
0	3.33	1.18	0	48.5863	1	2	1	2	5	4.8333335	1.1818181	4.5111113	0.0	1.0	4.0
0	2.33	2.64	1	22.80822	4	1	0	4	3	4.0	3.090909	3.3333333	0.0	1.0	3.0
1	4.33	2.18	0	31.865753	1	2	1	3	3	4.0	1.6363636	3.8333333	1.0	1.0	3.0
1	3.67	2.73	0	44.70685	5	2	0	2	3	5.0	1.1818181	4.241667	1.0	1.0	4.0
1	3.33	2.18	1	43.48767	1	4	0	3	2	4.8333335	1.3636364	4.8444443	1.0	1.0	4.0
1	2.67	2.27	1	23.358904	1	1	0	5	3	4.0	1.1818181	3.55	1.0	1.0	3.0
1	1.67	1.27	0	24.263014	7	1	0	2	4	1.0	1.5454545	2.8333333	1.0	0.0	1.0
0	4.0	2.36	1	43.40548	1	1	0	5	2	3.5	3.0	3.0416667	0.0	0.0	3.0
1	2.0	1.45	1	24.693151	7	1	1	2	1	4.6666665	1.0909091	3.9067461	1.0	1.0	4.0
1	4.33	2.27	1	26.238356	6	4	0	3	2	3.3333333	2.090909	3.8694444	1.0	0.0	2.0
1	3.0	1.45	0	30.463015	4	2	1	5	5	4.8333335	1.0	4.436111	1.0	1.0	4.0
0	3.0	3.0	1	37.057533	2	4	0	2	5	4.3333335	2.909091	3.1944444	0.0	1.0	3.0
1	3.67	2.09	1	28.964384	1	4	0	4	1	3.8333333	2.2727273	3.6194444	1.0	0.0	3.0
1	1.67	2.09	1	23.276712	3	1	0	4	3	3.6666667	1.9090909	3.7055554	1.0	0.0	3.0
1	3.0	1.18	0	32.956165	7	1	1	3	2	4.3333335	1.2727273	4.3694444	1.0	1.0	3.0
0	4.0	3.0	0	31.99452	6	1	1	3	1	3.3333333	1.5454545	3.261111	0.0	0.0	2.0
1	5.0	1.17	0	58.361645	2	4	0	2	5	3.0	1.4545455	3.6	1.0	0.0	2.0
1	2.67	1.09	1	45.227398	5	4	0	2	5	1.0	1.5454545	2.775	1.0	0.0	1.0
1	3.0	2.09	1	50.80548	3	2	0	2	5	4.1666665	3.4545455	3.4722223	1.0	1.0	3.0
1	2.0	1.27	1	47.39726	1	3	0	5	5	4.3333335	3.0	4.3444443	1.0	1.0	3.0
0	4.0	1.91	0	40.550686	2	2	1	5	1	3.0	2.0	3.4083333	0.0	0.0	2.0
1	3.33	2.18	0	40.20548	2	2	0	3	5	3.0	2.7272727	3.0916667	1.0	0.0	2.0
1	1.67	1.27	1	45.372604	4	4	0	2	1	3.0	1.6363636	3.6916666	1.0	0.0	2.0
1	5.0	2.27	1	38.48767	1	4	0	2	1	5.0	2.8181818	4.008333	1.0	1.0	4.0
0	3.33	3.0	1	46.728767	6	4	1	2	1	4.3333335	3.090909	4.111111	0.0	1.0	3.0
1	2.67	1.82	0	30.093151	4	2	0	5	2	3.3333333	1.4545455	3.8777778	1.0	0.0	2.0
0	3.33	2.0	1	44.717808	3	4	0	2	2	5.0	1.0	4.45	0.0	1.0	4.0
1	3.33	1.8	1	56.569862	1	4	0	4	2	2.8333333	2.4	3.0444446	1.0	0.0	2.0
1	1.67	1.45	0	47.569862	1	2	0	4	5	3.6666667	1.3636364	4.3805556	1.0	0.0	3.0
1	3.67	1.45	1	34.873974	3	1	1	3	2	5.0	1.0	4.6666665	1.0	1.0	4.0
0	5.0	2.2	0	32.016438	3	2	0	1	3	3.0	1.9090909	3.4166667	0.0	0.0	2.0
1	3.33	2.45	0	53.58356	1	2	1	5	3	4.0	1.7272727	3.8166666	1.0	1.0	3.0
1	5.0	2.83	0	42.632877	5	2	0	2	3	3.8333333	2.2727273	3.5944445	1.0	0.0	3.0
1	1.67	1.45	1	59.019176	4	2	0	2	3	3.6666667	1.1818181	4.147222	1.0	0.0	3.0
0	2.33	1.0	0	36.060272	4	2	0	4	5	4.3333335	1.0	4.3777776	0.0	1.0	3.0
1	1.0	2.36	0	52.40822	2	2	0	3	5	4.0	1.1818181	3.7833333	1.0	1.0	3.0
0	3.33	1.91	0	37.419178	6	2	0	2	3	4.6666665	2.090909	4.1805553	0.0	1.0	4.0
1	2.67	1.64	1	36.58356	3	1	0	2	3	4.0	1.8181819	3.6333334	1.0	1.0	3.0
0	4.33	1.45	1	22.227398	4	1	1	3	5	5.0	1.1818181	4.45	0.0	1.0	4.0
0	1.67	1.45	1	61.649315	3	4	0	5	4	4.1666665	1.9090909	4.038889	0.0	1.0	3.0
0	2.67	2.18	0	38.2137	5	4	0	3	2	4.5	1.1818181	4.258333	0.0	1.0	4.0
1	2.0	1.64	1	37.279453	2	2	0	2	5	4.5	1.2727273	4.4666667	1.0	1.0	4.0
1	2.33	1.27	0	32.731506	1	4	1	4	3	4.1666665	1.1818181	4.4305553	1.0	1.0	3.0
1	2.67	1.82	0	58.961643	3	2	0	5	2	4.0	1.9090909	4.075	1.0	1.0	3.0
1	3.67	1.09	1	26.863014	3	1	1	3	1	4.8333335	1.4545455	4.4027777	1.0	1.0	4.0
1	1.67	1.7	0	37.663013	4	2	0	5	5	4.8333335	1.0909091	4.536111	1.0	1.0	4.0
1	3.0	1.73	0	45.49863	4	2	0	5	3	4.5	1.6363636	4.1583333	1.0	1.0	4.0
1	1.67	1.64	1	40.68219	4	2	0	4	5	4.6666665	1.2727273	4.1555557	1.0	1.0	4.0
1	1.67	2.55	0	47.410957	1	2	0	3	4	5.0	1.0909091	4.8	1.0	1.0	4.0
1	3.67	1.91	1	40.12055	3	2	0	5	5	2.5	3.0	2.975	1.0	0.0	2.0
0	4.67	2.45	0	45.326027	2	2	0	4	5	3.3333333	1.6363636	3.6444445	0.0	0.0	2.0
0	1.0	2.73	0	45.945206	5	2	0	5	5	3.3333333	1.2727273	3.5777779	0.0	0.0	2.0
0	1.67	1.09	0	32.90137	6	2	0	5	2	3.6666667	1.1818181	4.3055553	0.0	0.0	3.0
0	1.67	1.0	1	29.29589	2	4	0	2	4	3.5	1.1818181	4.008333	0.0	0.0	3.0
0	2.33	1.18	1	60.057533	2	2	0	3	4	3.6666667	1.9090909	3.5722222	0.0	0.0	3.0
1	2.0	2.0	0	20.857534	1	1	0	3	1	2.1666667	1.1818181	3.5638888	1.0	0.0	1.0
1	2.33	2.45	1	49.627396	6	2	0	2	5	3.5	2.6363637	3.7166667	1.0	0.0	3.0
1	2.67	1.0	1	49.079453	3	2	0	2	5	4.0	1.0	4.2916665	1.0	1.0	3.0
1	4.67	2.73	1	29.934246	2	1	0	3	3	4.5	4.5454545	3.3083334	1.0	1.0	4.0
1	4.0	2.0	1	49.279453	4	4	0	1	2	3.8333333	1.1818181	3.886111	1.0	0.0	3.0
0	1.33	2.18	1	20.038357	7	1	0	1	3	3.8333333	1.7272727	3.6527777	0.0	0.0	3.0
0	2.0	1.64	1	27.260275	2	2	0	3	3	5.0	1.7272727	4.2380953	0.0	1.0	4.0
0	2.33	2.09	0	25.936987	1	2	0	3	2	3.6666667	2.909091	3.3888888	0.0	0.0	3.0
0	4.33	2.45	1	44.90685	2	4	0	3	2	5.0	1.9090909	4.5333333	0.0	1.0	4.0
1	2.33	1.18	1	32.4274	3	2	0	3	3	4.5	2.090909	4.2083335	1.0	1.0	4.0
0	3.67	2.09	0	26.726027	5	1	0	2	2	3.8333333	1.1	3.8444445	0.0	0.0	3.0
0	3.33	1.36	0	30.920547	3	1	0	4	1	3.1666667	1.6363636	3.7555556	0.0	0.0	2.0
1	2.67	1.82	0	52.90685	1	2	0	4	4	4.8333335	2.0	4.1277776	1.0	1.0	4.0
1	3.67	1.73	0	32.438354	2	2	0	2	3	4.5	1.4545455	4.3	1.0	1.0	4.0
1	5.0	2.45	1	43.745205	3	4	0	4	2	4.6666665	1.3636364	4.1138887	1.0	1.0	4.0
0	2.0	2.82	1	44.153423	3	2	0	3	5	3.1666667	3.0	2.8555555	0.0	0.0	2.0
1	3.0	2.3	1	54.739727	6	4	0	2	1	4.5	2.8181818	4.0416665	1.0	1.0	4.0
1	4.67	2.91	1	24.558905	2	4	0	3	2	5.0	2.090909	4.0333333	1.0	1.0	4.0
1	3.33	2.73	0	32.88219	4	4	0	4	3	4.6666665	1.3636364	4.522222	1.0	1.0	4.0
0	3.33	2.45	1	39.876713	7	1	1	3	3	2.5	1.6363636	3.25	0.0	0.0	2.0
1	4.33	2.0	1	20.761644	3	1	1	3	1	3.8333333	1.3636364	3.6111112	1.0	0.0	3.0
1	3.67	1.91	0	42.50411	5	2	0	3	5	4.5	1.1818181	4.5	1.0	1.0	4.0
1	3.67	1.91	0	43.638355	2	2	0	5	3	3.5	2.0	3.5166667	1.0	0.0	3.0
1	3.33	1.73	0	26.90411	7	1	0	4	1	4.5	1.0	4.5333333	1.0	1.0	4.0
1	2.33	1.36	1	40.49315	3	2	0	2	5	3.6666667	1.0909091	4.0055556	1.0	0.0	3.0
1	5.0	2.91	0	33.758904	4	1	0	2	3	4.0	3.5454545	3.9	1.0	1.0	3.0
1	2.0	2.45	1	47.29315	3	2	0	2	4	4.0	1.8181819	3.7416666	1.0	1.0	3.0
1	2.0	1.73	1	47.241096	3	1	0	2	2	4.0	1.0	4.0916667	1.0	1.0	3.0
0	1.67	2.0	1	43.419178	2	4	0	2	4	3.8333333	2.8181818	3.511111	0.0	0.0	3.0
1	3.67	1.55	1	24.70411	3	1	0	4	3	4.0	1.2727273	4.133333	1.0	1.0	3.0
1	3.0	2.36	1	43.649315	2	2	0	3	5	3.5	2.0	3.75	1.0	0.0	3.0
1	2.33	2.0	0	42.126026	6	2	0	3	3	4.0	1.0909091	4.05	1.0	1.0	3.0
1	1.67	1.45	0	23.964384	2	1	0	4	5	4.3333335	1.4545455	4.052778	1.0	1.0	3.0
1	2.67	2.36	0	28.520548	2	1	0	5	3	2.6666667	2.5454545	2.413889	1.0	0.0	2.0
1	3.67	2.6	1	33.958904	6	2	0	2	3	3.6666667	1.4545455	3.6055555	1.0	0.0	3.0
0	3.67	2.91	1	24.065754	7	2	0	1	1	3.0	1.6363636	3.275	0.0	0.0	2.0
1	3.33	2.09	0	51.131508	6	5	0	2	1	3.5	2.909091	3.3666666	1.0	0.0	3.0
1	3.33	1.09	0	24.761644	6	1	0	1	2	3.6666667	1.8181819	3.6388888	1.0	0.0	3.0
0	5.0	2.17	0	55.684933	2	2	0	3	5	5.0	1.0	4.4666667	0.0	1.0	4.0
1	3.67	2.18	0	28.975342	4	1	1	3	5	5.0	1.8181819	4.0416665	1.0	1.0	4.0
0	3.0	1.09	0	30.024658	1	2	0	3	5	3.6666667	1.1818181	3.913889	0.0	0.0	3.0
1	2.67	1.64	0	49.684933	6	2	0	2	2	5.0	1.9090909	4.241667	1.0	1.0	4.0
1	4.33	3.0	1	23.90959	6	1	0	1	1	2.5	2.7272727	2.8166666	1.0	0.0	2.0
1	3.67	2.36	0	47.460274	6	4	0	3	2	4.3333335	3.909091	3.4194446	1.0	1.0	3.0
1	4.0	2.27	0	32.150684	7	4	0	1	1	2.8333333	2.2727273	3.1527777	1.0	0.0	2.0
0	4.0	2.55	0	28.454794	1	1	0	3	1	3.5	2.090909	3.2583334	0.0	0.0	3.0
0	2.33	2.64	1	39.27397	2	2	0	4	5	1.6666666	3.2727273	2.6388888	0.0	0.0	1.0
1	3.0	1.91	1	25.835617	3	1	0	1	5	3.5	1.7272727	3.5916667	1.0	0.0	3.0
1	4.67	1.91	1	29.687672	3	1	0	3	1	3.1666667	3.2727273	3.2055554	1.0	0.0	2.0
1	3.33	2.09	0	30.279451	5	2	0	3	3	3.0	1.0909091	3.6833334	1.0	0.0	2.0
1	2.33	1.36	1	50.052055	6	4	0	2	2	4.0	1.0	4.233333	1.0	1.0	3.0
1	4.33	1.18	1	41.260273	6	2	1	4	2	4.0	2.4545455	3.4166667	1.0	1.0	3.0
1	5.0	2.27	1	47.473972	3	4	1	3	3	4.3333335	2.4545455	4.336111	1.0	1.0	3.0
1	3.67	2.82	0	50.87123	5	4	0	3	1	3.5	2.1818182	3.1083333	1.0	0.0	3.0
0	4.33	1.82	1	44.2	3	4	0	2	3	4.8333335	2.0	3.8277779	0.0	1.0	4.0
0	4.33	1.73	0	45.09589	3	2	0	3	5	5.0	1.4	4.425	0.0	1.0	4.0
1	3.67	2.9	1	60.345207	7	4	0	1	1	4.0	2.6363637	4.05	1.0	1.0	3.0
1	3.0	2.09	0	25.126028	3	1	0	3	3	2.1666667	1.1818181	3.3305554	1.0	0.0	1.0
1	4.0	2.55	0	40.758904	1	4	0	3	2	4.5	2.090909	3.9666667	1.0	1.0	4.0
0	3.0	2.73	1	28.660275	3	2	0	4	2	3.6666667	2.1818182	3.9305556	0.0	0.0	3.0
1	2.33	2.55	1	25.70685	1	1	0	4	2	4.1666665	2.2727273	3.8305554	1.0	1.0	3.0
1	3.0	1.18	0	30.09041	5	2	0	2	4	4.0	1.0	3.6583333	1.0	1.0	3.0
1	2.33	1.09	0	30.145205	5	1	1	1	5	3.3333333	1.2727273	3.161111	1.0	0.0	2.0
0	2.67	1.45	0	37.49315	7	4	1	2	3	3.6666667	1.1818181	3.7222223	0.0	0.0	3.0
0	3.67	1.64	0	22.942465	7	2	1	3	1	4.3333335	1.7272727	4.1944447	0.0	1.0	3.0
0	3.0	2.27	0	30.367123	5	1	0	2	2	3.1666667	2.6363637	3.0138888	0.0	0.0	2.0
1	3.0	2.91	1	25.687672	2	1	0	5	2	3.8333333	2.0	3.6194444	1.0	0.0	3.0
0	3.0	2.18	1	27.241096	1	2	1	5	5	3.6666667	1.0909091	4.038889	0.0	0.0	3.0
1	2.33	1.8	0	35.97808	6	2	0	3	4	4.3333335	1.0909091	4.5444446	1.0	1.0	3.0
1	1.33	1.64	1	31.824657	5	2	0	2	5	4.3333335	1.5454545	4.077778	1.0	1.0	3.0
1	2.67	2.0	1	28.767124	6	1	1	2	1	5.0	2.8181818	3.8333333	1.0	1.0	4.0
1	4.0	1.82	1	56.59452	3	5	0	2	1	4.0	2.0	4.0333333	1.0	1.0	3.0
1	4.33	2.91	0	37.731506	5	2	0	2	2	4.0	2.1818182	3.3666666	1.0	1.0	3.0
0	2.0	1.2	0	26.567123	7	2	0	2	3	4.0	1.0909091	3.7833333	0.0	1.0	3.0
1	4.0	2.36	0	34.16712	6	2	0	1	4	3.5	2.2727273	3.3083334	1.0	0.0	3.0
1	4.0	2.82	1	39.375343	2	2	0	3	4	3.6666667	1.9090909	3.5305555	1.0	0.0	3.0
1	2.67	1.27	1	32.279453	6	1	0	2	2	1.1666666	2.0	3.113889	1.0	0.0	1.0
1	3.33	2.09	1	42.356163	3	1	0	3	2	5.0	1.7272727	4.733333	1.0	1.0	4.0
0	3.67	2.27	0	29.882193	3	1	0	2	2	4.1666665	3.090909	3.2305555	0.0	1.0	3.0
1	3.33	1.27	0	50.5863	4	4	0	5	4	4.1666665	1.4545455	3.7305555	1.0	1.0	3.0
0	2.67	1.73	1	40.484932	6	1	1	2	3	4.6666665	2.2727273	3.863889	0.0	1.0	4.0
1	1.0	1.27	1	32.87945	6	2	1	3	5	2.8333333	1.5454545	3.7694445	1.0	0.0	2.0
1	2.0	1.36	0	55.441097	4	2	0	5	2	4.1666665	1.5454545	4.1555557	1.0	1.0	3.0
0	3.0	1.18	1	38.887672	6	4	0	3	1	4.5	1.3636364	4.3333335	0.0	1.0	4.0
1	3.33	2.64	1	23.676712	2	1	0	4	2	4.5	2.090909	4.0666666	1.0	1.0	4.0
0	4.67	1.7	1	35.112328	2	4	0	2	1	4.0	1.2727273	4.3333335	0.0	1.0	3.0
1	1.67	2.27	1	22.810959	2	1	0	2	3	4.3333335	1.2727273	4.202778	1.0	1.0	3.0
0	2.67	1.45	1	36.50959	1	4	0	5	5	5.0	1.2727273	4.4666667	0.0	1.0	4.0
1	2.0	1.0	1	35.934246	3	1	0	2	1	3.8333333	1.2727273	3.886111	1.0	0.0	3.0
1	2.67	1.18	0	35.50685	6	2	1	2	2	3.1666667	1.0	4.038889	1.0	0.0	2.0
0	3.67	2.09	1	50.054794	7	4	0	3	2	2.6666667	1.6363636	3.1269841	0.0	0.0	2.0
1	3.67	1.36	0	38.684933	1	1	0	4	1	4.1666665	1.0909091	4.138889	1.0	1.0	3.0
0	1.67	1.64	0	23.671232	1	1	0	4	5	3.1666667	1.6363636	3.363889	0.0	0.0	2.0
1	3.0	1.91	1	25.052055	3	2	0	3	1	4.3333335	1.1818181	4.036111	1.0	1.0	3.0
1	1.67	1.45	1	18.320547	3	1	0	2	1	5.0	1.9090909	4.6916666	1.0	1.0	4.0
1	4.67	1.36	1	37.90685	2	4	1	3	1	4.8333335	1.0	4.7444444	1.0	1.0	4.0
1	2.67	1.18	1	27.230137	7	1	0	4	1	4.1666665	1.9090909	4.138889	1.0	1.0	3.0
0	1.33	1.09	1	34.934246	7	2	0	1	2	3.0	1.9090909	3.1166666	0.0	0.0	2.0
1	3.33	1.82	0	24.052055	2	1	0	5	2	5.0	1.2727273	4.6666665	1.0	1.0	4.0
0	2.0	1.0	0	20.227398	7	1	0	2	1	4.1666665	1.7272727	3.613889	0.0	1.0	3.0
1	2.0	1.27	0	18.90411	6	1	0	2	1	3.8333333	1.1818181	4.1444445	1.0	0.0	3.0
1	3.0	1.55	1	46.41644	3	4	0	3	1	4.8333335	1.1818181	4.5444446	1.0	1.0	4.0
0	3.33	2.18	0	41.30411	7	4	0	3	2	4.0	2.5454545	3.925	0.0	1.0	3.0
0	2.67	1.82	1	21.745205	2	1	1	3	2	4.5	1.1818181	4.241667	0.0	1.0	4.0
0	2.67	2.73	1	33.89041	7	1	1	2	1	2.3333333	2.6363637	3.3111112	0.0	0.0	1.0
1	3.67	1.73	0	60.728767	1	2	0	5	3	4.0	1.6363636	4.0916667	1.0	1.0	3.0
1	2.67	2.4	1	27.873972	3	1	0	4	3	3.8333333	2.2727273	3.4027777	1.0	0.0	3.0
1	4.0	2.91	0	24.912329	4	1	0	4	4	4.0	2.3636363	3.9583333	1.0	1.0	3.0
1	2.0	1.36	1	38.19726	1	2	1	3	4	4.3333335	2.0	3.7944446	1.0	1.0	3.0
1	2.67	1.27	0	23.89315	5	1	1	3	3	4.6666665	1.3636364	4.197222	1.0	1.0	4.0
1	2.0	1.45	1	22.172604	4	1	0	3	5	4.0	1.1818181	4.0333333	1.0	1.0	3.0
1	3.67	1.64	0	41.909588	2	2	0	5	4	5.0	1.2727273	4.575	1.0	1.0	4.0
0	3.33	1.91	1	48.671234	1	1	0	4	4	5.0	1.0	3.9666667	0.0	1.0	4.0
0	1.33	1.36	0	25.484932	1	1	0	3	2	3.5	1.3636364	3.8583333	0.0	0.0	3.0
1	3.33	2.27	0	52.030136	2	2	0	4	5	3.8333333	2.5454545	3.4777777	1.0	0.0	3.0
0	2.67	1.09	1	30.745205	2	2	0	5	3	4.8333335	1.3636364	4.302778	0.0	1.0	4.0
1	3.0	2.64	0	45.92603	1	4	0	3	3	4.8333335	2.8181818	3.8527777	1.0	1.0	4.0
0	3.67	2.27	1	52.054794	1	2	0	4	5	3.6666667	2.2727273	3.163889	0.0	0.0	3.0
1	3.33	1.64	1	59.375343	3	4	0	1	1	2.1666667	1.7272727	3.5222223	1.0	0.0	1.0
1	4.0	1.91	0	48.950684	2	2	1	5	5	4.6666665	2.090909	3.9472222	1.0	1.0	4.0
1	2.0	2.0	1	58.646576	3	2	0	2	3	4.1666665	1.4545455	4.038889	1.0	1.0	3.0
0	2.33	1.0	0	22.906849	1	2	1	3	3	4.1666665	1.0909091	4.2055554	0.0	1.0	3.0
0	2.67	2.4	0	58.186302	1	2	0	5	5	4.8333335	1.7272727	4.3944445	0.0	1.0	4.0
1	4.33	1.0	1	55.972603	1	2	1	3	3	4.8333335	1.0909091	4.4694443	1.0	1.0	4.0
0	1.33	2.27	1	26.580822	5	2	1	3	3	3.1666667	1.2727273	3.9555554	0.0	0.0	2.0
1	2.0	1.18	1	18.676712	3	1	0	1	1	3.0	1.0	3.375	1.0	0.0	2.0
1	5.0	2.27	1	44.87945	3	1	1	3	1	3.8333333	2.090909	3.886111	1.0	0.0	3.0
0	4.0	1.55	1	24.40274	7	1	0	2	1	4.0	1.2727273	4.1666665	0.0	1.0	3.0
1	2.67	2.27	1	44.70137	3	4	0	2	3	5.0	1.4545455	4.1	1.0	1.0	4.0
0	1.67	1.27	1	46.4	3	2	0	2	4	4.0	1.0	4.366667	0.0	1.0	3.0
1	4.0	3.0	1	41.613697	2	1	0	4	3	4.6666665	3.0	3.5638888	1.0	1.0	4.0
0	2.67	1.82	0	33.249313	2	1	0	2	3	4.0	1.3636364	4.0666666	0.0	1.0	3.0
0	4.0	2.45	1	30.120548	2	2	1	3	4	4.1666665	2.3636363	3.5222223	0.0	1.0	3.0
0	3.0	1.0	1	53.08219	3	2	0	5	4	3.0	1.0909091	4.1	0.0	0.0	2.0
1	2.0	1.27	1	27.276712	2	1	0	4	2	5.0	1.3636364	4.6666665	1.0	1.0	4.0
1	5.0	2.27	0	33.82192	2	4	0	4	5	5.0	1.6363636	4.2166667	1.0	1.0	4.0
1	2.67	2.36	0	39.10685	7	2	0	3	3	3.5	1.5454545	4.225	1.0	0.0	3.0
1	2.67	2.5	1	70.00274	3	5	0	2	2	3.6666667	2.0	3.8472223	1.0	0.0	3.0
0	3.67	2.9	1	39.10137	1	4	0	3	2	4.0	2.3636363	3.8916667	0.0	1.0	3.0
1	1.67	1.55	1	29.079453	5	1	1	2	1	3.2	1.6363636	3.1916666	1.0	0.0	2.0
0	3.67	2.36	1	33.460274	3	2	1	3	3	4.6666665	2.090909	4.3638887	0.0	1.0	4.0
1	3.67	2.64	0	46.660275	5	2	0	3	5	3.3333333	1.6363636	3.511111	1.0	0.0	2.0
1	3.0	2.0	1	52.32055	7	2	0	1	1	4.5	1.5454545	3.6583333	1.0	1.0	4.0
1	5.0	2.09	0	31.860273	3	2	1	3	1	4.3333335	2.7272727	3.786111	1.0	1.0	3.0
1	1.67	1.0	1	21.632877	2	1	0	3	1	5.0	1.0	4.4583335	1.0	1.0	4.0
0	1.67	1.82	0	61.731506	5	4	0	3	2	2.8333333	1.1818181	3.7777777	0.0	0.0	2.0
0	3.67	1.55	0	25.221918	7	2	0	2	1	3.3333333	2.090909	3.5527778	0.0	0.0	2.0
1	2.0	2.0	0	49.473972	2	2	0	3	4	2.8333333	1.8181819	3.0944445	1.0	0.0	2.0
1	3.33	2.27	1	25.347944	1	1	0	4	2	4.0	1.8181819	3.425	1.0	1.0	3.0
0	3.0	1.64	1	28.947945	4	3	0	3	1	4.5	1.3636364	4.3333335	0.0	1.0	4.0
1	4.0	2.09	0	32.5863	1	2	0	2	4	4.1666665	1.3636364	4.3722224	1.0	1.0	3.0
1	2.33	1.36	0	37.846577	6	3	0	3	5	5.0	1.5454545	4.266667	1.0	1.0	4.0
1	3.33	2.18	0	26.671232	5	1	0	2	5	2.0	1.2727273	3.2916667	1.0	0.0	1.0
0	3.33	3.0	1	60.909588	3	5	0	2	2	3.8333333	2.7272727	3.5694444	0.0	0.0	3.0
1	3.33	2.27	0	41.358906	1	2	0	4	3	4.0	2.1818182	3.7666667	1.0	1.0	3.0
1	4.33	2.09	0	33.920547	1	2	0	3	3	5.0	1.4545455	4.1916666	1.0	1.0	4.0
1	2.0	1.27	1	57.40822	2	2	0	2	4	4.6666665	1.2727273	4.3555555	1.0	1.0	4.0
1	3.33	2.18	1	30.39178	6	4	0	3	1	5.0	1.8181819	4.3166666	1.0	1.0	4.0
0	4.33	1.36	1	39.665752	2	4	0	2	2	4.8333335	1.0	4.602778	0.0	1.0	4.0
1	4.0	2.82	0	28.342466	4	2	0	3	4	3.8333333	2.8181818	3.1777778	1.0	0.0	3.0
1	2.0	1.36	1	50.386303	3	2	0	2	5	4.6666665	1.1818181	4.3805556	1.0	1.0	4.0
0	2.33	1.09	1	25.082191	3	4	0	3	5	3.3333333	1.2727273	3.6861112	0.0	0.0	2.0
1	4.67	2.0	0	20.756165	7	1	0	2	3	5.0	1.0	4.266667	1.0	1.0	4.0
0	3.33	2.7	1	46.323288	2	4	0	2	2	4.1666665	3.1818182	3.9555554	0.0	1.0	3.0
1	1.33	1.67	1	39.958904	3	2	0	3	5	4.1666665	1.4545455	3.8805556	1.0	1.0	3.0
1	3.0	2.0	0	32.158905	3	1	1	3	4	3.1666667	2.4545455	3.2638888	1.0	0.0	2.0
1	2.33	2.18	1	32.9863	2	1	0	5	5	3.3333333	2.7272727	3.461111	1.0	0.0	2.0
0	2.67	2.45	0	29.30411	5	2	0	3	3	3.6666667	1.9090909	3.7972221	0.0	0.0	3.0
0	4.0	1.55	0	44.054794	5	4	0	3	2	4.8333335	1.7272727	4.1194444	0.0	1.0	4.0
1	3.67	2.18	1	33.438354	3	1	0	2	2	4.5	1.8181819	4.133333	1.0	1.0	4.0
1	2.33	1.18	1	33.87123	2	1	1	4	3	5.0	1.1818181	4.7	1.0	1.0	4.0
1	1.0	1.09	0	18.59726	3	1	0	3	1	5.0	1.0	4.3333335	1.0	1.0	4.0
1	2.33	1.0	0	46.01096	2	2	0	2	3	4.0	1.0909091	3.7166667	1.0	1.0	3.0
0	3.33	2.0	0	36.29041	7	2	0	2	4	3.5	2.1818182	3.7833333	0.0	0.0	3.0
1	3.33	2.0	0	61.27671	4	2	0	5	3	3.8333333	2.5454545	3.7694445	1.0	0.0	3.0
1	3.0	1.27	0	44.77534	3	2	0	2	4	4.6666665	1.4545455	4.3055553	1.0	1.0	4.0
1	3.33	1.09	0	57.112328	1	2	0	5	3	4.3333335	2.1818182	4.0944443	1.0	1.0	3.0
1	3.33	2.45	1	27.676712	2	1	0	2	2	4.1666665	1.0909091	4.078704	1.0	1.0	3.0
1	2.0	2.82	0	44.49041	1	1	0	3	3	4.1666665	1.8181819	4.2222223	1.0	1.0	3.0
0	3.33	2.45	0	52.134247	2	2	0	4	4	5.0	1.0909091	4.4	0.0	1.0	4.0
1	2.33	1.18	1	31.136986	3	4	0	2	1	4.1666665	1.5454545	3.5555556	1.0	1.0	3.0
0	1.0	1.0	1	26.961643	3	4	0	3	2	4.5	1.3636364	4.125	0.0	1.0	4.0
1	3.0	1.82	0	41.10411	2	1	0	4	3	4.8333335	1.9090909	4.427778	1.0	1.0	4.0
0	2.67	2.82	0	26.254795	4	1	0	5	5	2.6666667	2.1818182	3.0722222	0.0	0.0	2.0
1	2.67	2.82	1	32.10959	1	2	0	5	3	3.6666667	4.181818	3.288889	1.0	0.0	3.0
1	4.0	2.82	1	44.613697	5	2	1	3	3	4.8333335	2.5454545	4.436111	1.0	1.0	4.0
1	2.67	1.18	0	23.693151	5	1	0	3	2	4.5	1.1818181	4.2	1.0	1.0	4.0
1	2.67	2.45	0	19.117807	5	2	0	2	1	3.5	2.1818182	3.6333334	1.0	0.0	3.0
0	3.33	2.36	0	33.257534	2	3	0	2	2	3.1666667	2.6363637	3.1805556	0.0	0.0	2.0
1	4.33	1.64	1	42.90137	2	4	0	3	1	5.0	1.5454545	4.15	1.0	1.0	4.0
0	3.0	1.27	0	40.81096	5	1	0	3	4	4.3333335	1.0	4.111111	0.0	1.0	3.0
1	2.33	1.83	0	63.02192	5	2	0	3	5	4.5	2.0	4.108333	1.0	1.0	4.0
0	4.67	2.45	0	33.4	7	4	0	3	1	3.5	2.0	3.5166667	0.0	0.0	3.0
0	2.0	1.36	1	33.00274	6	2	1	2	5	5.0	1.9090909	4.571429	0.0	1.0	4.0
0	4.67	2.45	1	28.780823	7	1	1	3	1	3.6666667	2.909091	3.2453704	0.0	0.0	3.0
1	3.33	1.0	0	29.734247	5	2	0	2	3	4.3333335	3.2727273	3.886111	1.0	1.0	3.0
0	2.67	1.55	1	43.736988	2	4	0	3	3	4.0	1.4545455	3.85	0.0	1.0	3.0
0	3.0	2.09	1	42.646576	1	4	0	5	3	4.5	1.0909091	3.975	0.0	1.0	4.0
1	3.33	1.45	0	29.109589	4	2	0	4	3	4.0	1.3636364	3.7083333	1.0	1.0	3.0
0	3.0	2.45	0	36.430138	5	2	0	2	4	4.0	2.7272727	3.75	0.0	1.0	3.0
1	3.67	2.64	1	49.2	1	4	0	3	2	3.8333333	2.3636363	4.2944446	1.0	0.0	3.0
1	3.33	1.73	0	25.372602	7	1	0	3	1	4.3333335	1.5454545	4.077778	1.0	1.0	3.0
0	5.0	2.91	1	40.158905	5	4	0	3	2	4.3333335	1.4545455	4.0694447	0.0	1.0	3.0
1	2.0	1.09	0	44.632877	6	2	1	3	5	3.1666667	1.3636364	3.8888888	1.0	0.0	2.0
1	3.67	2.36	1	34.873974	6	4	0	3	2	4.0	2.2727273	3.6333334	1.0	1.0	3.0
1	1.33	1.73	1	36.983562	3	2	0	2	5	3.0	1.0	3.7333333	1.0	0.0	2.0
0	4.67	2.45	0	27.435616	7	2	0	2	2	4.0	1.3	3.9666667	0.0	1.0	3.0
1	3.0	2.0	0	41.419178	1	1	0	5	5	3.1666667	2.2727273	2.9222221	1.0	0.0	2.0
0	2.0	1.18	0	35.38904	2	1	0	5	5	4.6666665	1.4545455	3.9388888	0.0	1.0	4.0
1	2.33	2.18	0	25.884932	1	1	0	4	3	4.6666665	1.8181819	4.3472223	1.0	1.0	4.0
1	4.33	1.91	0	30.19178	5	4	0	2	3	2.6666667	2.8181818	2.8138888	1.0	0.0	2.0
1	3.33	2.36	1	30.942465	1	1	0	3	2	3.0	2.6363637	3.1166666	1.0	0.0	2.0
1	2.33	1.45	1	35.841095	6	4	0	4	4	3.5	1.6363636	3.6416667	1.0	0.0	3.0
1	4.0	2.82	1	36.635616	2	1	1	2	2	4.5	1.2727273	4.05	1.0	1.0	4.0
0	1.33	1.64	1	37.10137	2	1	0	3	3	4.1666665	2.5454545	3.5555556	0.0	1.0	3.0
0	3.0	2.36	1	60.457535	3	2	0	3	3	3.1666667	2.090909	3.288889	0.0	0.0	2.0
1	3.0	1.82	0	30.232876	1	2	0	3	3	4.0	2.3636363	4.0583334	1.0	1.0	3.0
1	2.33	2.0	0	37.09863	1	2	0	3	5	4.0	1.3636364	3.625	1.0	1.0	3.0
1	2.33	1.45	1	45.52055	7	1	0	2	1	4.0	1.0	4.3333335	1.0	1.0	3.0
0	2.0	1.18	1	31.6	1	1	0	4	2	4.6666665	1.0909091	4.2222223	0.0	1.0	4.0
1	3.0	1.64	1	23.060274	3	1	1	3	1	4.6666665	1.0	4.322222	1.0	1.0	4.0
1	1.0	1.45	1	35.30411	3	2	0	5	5	4.0	1.4545455	3.9416666	1.0	1.0	3.0
1	3.67	2.55	0	25.282192	5	1	0	2	2	4.0	1.1818181	4.241667	1.0	1.0	3.0
0	4.67	2.09	0	30.926027	5	1	0	2	2	3.6666667	1.4545455	3.7305555	0.0	0.0	3.0
1	3.33	1.45	1	35.517807	6	2	1	3	1	5.0	1.0	4.4333334	1.0	1.0	4.0
1	2.0	1.0	1	34.334248	2	2	0	2	3	4.0	1.0909091	4.1	1.0	1.0	3.0
1	2.67	1.45	0	24.115068	7	1	1	2	3	3.8333333	1.0909091	3.9777777	1.0	0.0	3.0
0	3.0	2.73	1	20.531507	4	1	0	3	2	4.0	1.0	3.7333333	0.0	1.0	3.0
1	3.67	2.27	0	41.646576	5	4	0	4	1	3.0	2.090909	3.0	1.0	0.0	2.0
1	1.33	2.18	1	40.684933	3	2	0	4	5	4.8333335	1.4545455	4.411111	1.0	1.0	4.0
1	5.0	2.27	1	42.463013	4	4	0	2	1	2.6666667	1.5454545	3.3333333	1.0	0.0	2.0
1	4.67	3.0	1	25.717808	7	1	1	2	2	5.0	3.909091	3.8916667	1.0	1.0	4.0
1	3.67	2.64	0	54.860275	6	2	0	1	2	4.5	1.6363636	3.975	1.0	1.0	4.0
1	2.33	2.64	1	27.052055	2	1	0	4	2	4.0	1.9090909	3.8083334	1.0	1.0	3.0
1	2.67	1.0	0	49.11781	1	2	0	5	3	4.6666665	1.1818181	4.038889	1.0	1.0	4.0
1	3.33	1.73	1	44.339725	4	2	0	2	5	4.1666665	1.0909091	3.8888888	1.0	1.0	3.0
0	2.67	2.45	1	35.72603	3	2	0	3	5	3.8333333	1.8181819	3.9527779	0.0	0.0	3.0
1	4.33	1.73	1	23.109589	3	1	1	2	1	5.0	1.4545455	4.6	1.0	1.0	4.0
1	4.33	1.91	1	42.515068	5	3	1	3	1	4.0	2.090909	3.6333334	1.0	1.0	3.0
0	2.67	1.64	0	46.79452	2	1	0	3	3	5.0	1.0	4.4	0.0	1.0	4.0
1	1.67	1.27	1	38.90137	2	4	0	5	5	4.3333335	1.0	4.1444445	1.0	1.0	3.0
0	3.0	1.64	0	37.19726	7	2	1	1	2	4.6666665	1.2727273	3.788889	0.0	1.0	4.0
0	4.67	2.73	0	31.350685	2	3	1	5	4	5.0	3.2	3.4916666	0.0	1.0	4.0
1	5.0	2.18	1	39.443836	7	2	1	3	2	4.0	2.5454545	3.7916667	1.0	1.0	3.0
1	3.33	1.09	0	37.58356	2	2	0	2	5	4.0	1.1818181	4.3333335	1.0	1.0	3.0
1	4.67	2.09	0	37.772602	1	2	0	5	4	5.0	2.0	4.258333	1.0	1.0	4.0
1	4.0	1.36	0	32.424656	2	2	1	3	4	4.5	1.0	4.2	1.0	1.0	4.0
0	5.0	2.64	0	39.720547	2	2	1	3	5	1.3333334	4.3636365	2.1111112	0.0	0.0	1.0
1	2.67	2.73	0	26.912329	1	1	0	4	3	4.3333335	1.3636364	4.2444444	1.0	1.0	3.0
0	4.0	2.0	0	36.684933	7	4	0	3	2	4.0	2.5454545	3.475	0.0	1.0	3.0
0	3.67	1.27	0	27.997261	3	2	1	3	4	4.0	1.0	4.0666666	0.0	1.0	3.0
1	3.0	1.91	0	23.169863	7	1	1	2	3	4.0	1.6363636	4.233333	1.0	1.0	3.0
1	3.67	2.18	0	30.561644	1	1	0	4	1	5.0	1.0909091	4.4666667	1.0	1.0	4.0
1	3.67	1.82	0	39.81918	3	1	0	3	1	4.5	1.8181819	3.9	1.0	1.0	4.0
1	4.0	1.91	0	43.613697	2	2	0	3	5	4.0	1.6363636	3.5666666	1.0	1.0	3.0
0	4.0	1.0	1	29.736986	3	2	1	3	2	5.0	1.0	4.7	0.0	1.0	4.0
1	3.0	1.27	0	52.378082	2	3	0	4	5	3.6666667	1.6363636	3.8888888	1.0	0.0	3.0
1	1.33	1.0	0	28.079453	1	2	0	4	5	5.0	1.0	4.516667	1.0	1.0	4.0
0	2.33	2.27	0	30.471233	5	1	0	1	2	3.5	1.5454545	3.5583334	0.0	0.0	3.0
0	3.67	2.82	1	24.345205	3	2	0	2	2	3.0	2.4545455	3.425	0.0	0.0	2.0
1	4.67	2.27	0	31.657534	3	1	1	4	3	4.8333335	1.3636364	4.436111	1.0	1.0	4.0
1	2.67	1.27	0	38.91781	5	2	0	3	3	4.3333335	1.0909091	4.052778	1.0	1.0	3.0
1	5.0	2.73	0	46.778084	1	2	0	3	5	4.3333335	2.0	3.636111	1.0	1.0	3.0
0	3.67	2.64	1	32.89863	3	2	1	3	4	2.8333333	1.4545455	3.9694445	0.0	0.0	2.0
1	2.0	1.27	1	40.38356	7	2	0	2	3	3.8333333	2.2727273	3.9194446	1.0	0.0	3.0
0	1.0	1.27	1	49.80274	2	2	0	5	5	4.3333335	1.0909091	4.227778	0.0	1.0	3.0
1	2.0	2.55	0	44.21096	1	2	0	3	4	4.5	1.9090909	3.5833333	1.0	1.0	4.0
1	4.67	1.55	1	61.564384	1	5	1	5	4	4.8333335	1.2727273	4.8444443	1.0	1.0	4.0
0	3.33	1.09	0	34.36986	6	4	0	3	1	4.6666665	1.4545455	4.197222	0.0	1.0	4.0
1	2.33	1.64	1	19.20822	7	1	0	3	1	2.5	1.1818181	2.9083333	1.0	0.0	2.0
0	4.33	2.33	1	33.87945	5	2	0	3	5	4.1666665	2.1818182	4.115741	0.0	1.0	3.0
0	3.33	2.09	0	45.263012	6	1	0	3	1	3.3333333	2.5454545	3.4944444	0.0	0.0	2.0
1	2.67	2.0	0	29.849316	3	2	0	3	3	5.0	2.090909	4.2083335	1.0	1.0	4.0
1	4.33	2.0	1	24.50411	7	1	0	3	1	4.1666665	1.1818181	4.013889	1.0	1.0	3.0
1	4.33	1.18	1	58.169865	1	3	1	5	1	5.0	1.1818181	4.486111	1.0	1.0	4.0
1	1.0	1.0	0	27.219177	1	1	0	3	2	4.3333335	1.3636364	4.5111113	1.0	1.0	3.0
1	3.0	2.45	0	36.942467	6	1	0	3	3	4.0	2.8181818	3.9	1.0	1.0	3.0
1	5.0	2.18	0	36.967125	4	4	0	3	3	4.5	1.0	4.5625	1.0	1.0	4.0
0	3.67	1.0	0	37.90137	2	2	1	5	2	4.1666665	1.1818181	3.3805556	0.0	1.0	3.0
0	2.0	2.45	1	58.02192	3	5	0	2	4	4.1666665	2.4545455	4.4555554	0.0	1.0	3.0
1	2.67	2.55	1	50.38082	3	2	0	2	5	3.3333333	2.3636363	3.3777778	1.0	0.0	2.0
0	4.67	2.09	0	26.854795	6	4	0	2	1	2.8333333	2.1818182	3.1444445	0.0	0.0	2.0
1	1.33	1.0	1	44.517807	1	2	0	4	5	5.0	1.0909091	4.6	1.0	1.0	4.0
1	1.33	2.2	1	24.430138	4	1	0	4	1	2.1666667	1.7272727	2.9388888	1.0	0.0	1.0
1	3.67	1.64	1	60.92603	3	5	0	2	2	4.1666665	2.7272727	3.8972223	1.0	1.0	3.0
1	2.0	1.64	1	19.769863	7	1	0	3	4	2.8333333	1.9090909	3.1777778	1.0	0.0	2.0
1	1.33	2.91	1	17.48767	7	1	0	1	3	2.8333333	2.909091	2.4694445	1.0	0.0	2.0
0	4.0	2.45	0	44.964382	6	2	0	2	2	4.1666665	1.8181819	3.0638888	0.0	1.0	3.0
1	3.33	1.64	1	29.8	3	1	0	4	2	4.0	1.4545455	3.6583333	1.0	1.0	3.0
1	3.0	1.36	1	18.679453	3	1	0	1	2	5.0	1.2727273	4.7	1.0	1.0	4.0
1	2.67	2.0	0	28.041096	5	2	0	4	5	3.6666667	2.3636363	3.8722222	1.0	0.0	3.0
1	2.67	1.45	0	35.545204	1	1	0	3	4	4.8333335	1.2727273	4.536111	1.0	1.0	4.0
1	3.67	1.45	0	25.646576	5	2	0	2	1	3.5	1.0909091	3.7166667	1.0	0.0	3.0
1	2.67	1.09	1	28.235617	2	1	0	2	2	4.8333335	1.0	4.3777776	1.0	1.0	4.0
1	4.0	2.64	1	28.983562	6	4	0	2	1	3.0	3.3636363	3.1416667	1.0	0.0	2.0
1	1.67	1.73	1	34.60274	4	2	0	3	5	4.0	1.0909091	4.266667	1.0	1.0	3.0
1	1.67	1.73	0	24.082191	7	1	0	2	2	3.0	1.2727273	3.6083333	1.0	0.0	2.0
1	3.67	2.0	1	32.70137	3	2	0	3	5	3.0	1.7272727	3.4833333	1.0	0.0	2.0
1	4.67	2.09	1	28.123287	6	2	0	2	3	4.8333335	2.1818182	4.077778	1.0	1.0	4.0
1	5.0	2.27	1	57.646576	6	2	0	1	2	2.3333333	2.909091	3.1444445	1.0	0.0	1.0
0	3.33	2.91	0	43.09863	7	2	1	2	1	3.6666667	3.090909	3.3722222	0.0	0.0	3.0
1	1.67	1.45	0	39.939728	1	2	0	5	3	3.8333333	2.4545455	3.261111	1.0	0.0	3.0
0	2.33	2.64	1	45.550686	7	4	0	3	1	3.0	1.3636364	3.5	0.0	0.0	2.0
1	3.33	2.36	0	39.909588	1	4	0	3	3	4.3333335	2.090909	3.6194444	1.0	1.0	3.0
1	3.0	2.2	0	30.076712	7	1	1	3	1	5.0	1.8181819	4.225	1.0	1.0	4.0
1	2.67	1.18	0	47.77534	2	4	0	4	3	4.1666665	1.6363636	4.2305555	1.0	1.0	3.0
0	4.67	2.09	1	36.947945	3	2	0	3	4	3.6666667	4.909091	2.788889	0.0	0.0	3.0
1	3.67	2.45	0	30.104109	6	1	0	1	2	3.1666667	2.1818182	2.8472223	1.0	0.0	2.0
1	3.0	1.73	1	55.81918	1	2	0	5	4	4.8333335	1.1818181	4.8777776	1.0	1.0	4.0
1	3.0	2.64	0	44.334248	3	4	0	4	3	4.0	2.2727273	3.9	1.0	1.0	3.0
0	3.33	2.64	0	39.172604	1	1	0	5	2	4.8333335	2.1818182	4.1277776	0.0	1.0	4.0
1	4.33	2.33	1	26.824657	7	1	1	1	1	3.1666667	4.2727275	2.9805555	1.0	0.0	2.0
1	3.67	2.09	1	40.99178	1	1	0	5	2	4.6666665	2.2727273	4.3805556	1.0	1.0	4.0
0	4.0	1.36	1	28.334246	1	1	0	3	1	4.0	2.2727273	3.8416667	0.0	1.0	3.0
0	3.67	2.55	0	24.082191	7	2	0	2	1	4.3333335	1.4545455	4.177778	0.0	1.0	3.0
1	2.67	1.91	1	35.69589	3	2	0	2	3	3.1666667	1.5454545	3.7638888	1.0	0.0	2.0
1	2.0	1.55	1	37.02466	4	4	0	2	2	4.0	1.7272727	4.0333333	1.0	1.0	3.0
1	4.0	3.0	0	40.545204	5	1	0	3	1	4.0	1.8181819	4.15	1.0	1.0	3.0
1	3.33	1.73	1	37.345207	3	2	0	3	3	4.3333335	1.4545455	4.036111	1.0	1.0	3.0
1	3.67	1.36	1	20.668493	2	1	0	3	1	5.0	2.2727273	4.4	1.0	1.0	4.0
0	3.67	2.18	1	20.663013	7	1	1	3	1	3.6666667	2.0	3.9555554	0.0	0.0	3.0
1	2.33	2.1	1	22.997261	3	4	0	3	2	4.8333335	1.1818181	4.1944447	1.0	1.0	4.0
1	4.0	1.09	1	37.553425	3	2	0	3	4	4.8333335	1.2727273	4.802778	1.0	1.0	4.0
0	5.0	1.55	0	31.665754	5	1	0	1	2	2.6666667	1.0	3.6722221	0.0	0.0	2.0
1	2.67	1.18	1	35.068493	3	2	1	4	3	3.5	1.0	4.203704	1.0	0.0	3.0
1	4.33	2.6	1	29.79178	3	2	0	5	3	5.0	2.1818182	4.141667	1.0	1.0	4.0
0	4.67	1.8	1	39.89589	7	4	0	1	1	2.3333333	1.3636364	3.2194445	0.0	0.0	1.0
1	4.0	2.09	1	21.052055	7	1	1	2	1	3.0	2.6363637	3.0416667	1.0	0.0	2.0
0	3.33	2.18	0	37.00274	2	1	1	2	1	4.1666665	3.6363637	3.3972223	0.0	1.0	3.0
1	4.0	1.4	1	39.983562	3	2	0	2	3	3.8333333	1.3636364	3.8444445	1.0	0.0	3.0
1	3.33	1.4	0	30.934246	1	2	1	5	2	3.6666667	2.2727273	4.163889	1.0	0.0	3.0
1	4.0	2.27	1	41.47945	3	4	1	3	1	4.1666665	1.6363636	4.5555553	1.0	1.0	3.0
1	3.67	1.91	0	62.238358	7	4	0	3	1	4.0	1.5454545	3.9333334	1.0	1.0	3.0
1	1.67	1.0	1	24.290411	1	1	0	5	1	4.3333335	1.0909091	4.6666665	1.0	1.0	3.0
1	4.33	2.5	1	38.564384	3	1	0	3	2	4.0	1.6363636	3.8916667	1.0	1.0	3.0
1	1.33	1.09	0	27.230137	1	2	0	3	2	5.0	1.1818181	4.3	1.0	1.0	4.0
1	1.67	1.18	1	22.934246	4	1	1	3	5	4.0	1.0	3.7129629	1.0	1.0	3.0
1	3.67	2.4	1	30.389042	5	1	0	3	1	3.5	2.2727273	3.5625	1.0	0.0	3.0
1	4.67	1.64	0	33.717808	7	1	0	3	4	2.6666667	1.0909091	3.3305554	1.0	0.0	2.0
1	4.33	2.73	1	33.38356	7	4	0	3	5	4.5	1.7272727	3.65	1.0	1.0	4.0
1	2.33	2.55	1	32.673973	1	3	1	3	3	4.6666665	2.2727273	4.3958335	1.0	1.0	4.0
1	4.0	1.18	1	23.049314	5	1	1	3	3	2.0	1.5454545	3.0916667	1.0	0.0	1.0
1	2.33	2.27	1	37.81096	3	1	0	4	3	3.8333333	1.7	4.0444446	1.0	0.0	3.0
1	5.0	1.73	1	26.452055	7	1	0	4	2	4.1666665	1.2727273	3.9805555	1.0	1.0	3.0
1	5.0	1.64	0	41.46575	7	4	1	2	1	3.5	2.7272727	3.3083334	1.0	0.0	3.0
0	2.0	2.27	1	34.169865	1	2	0	5	5	3.6666667	1.2727273	3.5305555	0.0	0.0	3.0
0	2.0	1.18	1	42.40822	3	2	0	2	5	3.0	1.4545455	4.116667	0.0	0.0	2.0
1	5.0	2.73	1	45.186302	3	4	0	3	1	4.5	2.7272727	3.9666667	1.0	1.0	4.0
0	1.33	2.73	0	27.39178	7	2	1	1	1	3.8333333	1.1818181	3.911111	0.0	0.0	3.0
0	3.33	1.91	0	34.60274	2	2	0	3	3	4.5	1.5454545	4.2083335	0.0	1.0	4.0
1	2.33	1.64	1	36.19452	7	2	0	3	3	4.3333335	1.0	4.3777776	1.0	1.0	3.0
0	1.67	1.18	1	31.824657	1	2	0	2	4	3.8333333	1.3636364	3.9361112	0.0	0.0	3.0
0	3.33	2.09	0	32.421917	1	1	0	3	3	4.1666665	1.8181819	3.838889	0.0	1.0	3.0
0	3.67	2.73	1	34.358906	1	2	0	2	3	4.3333335	1.4545455	4.077778	0.0	1.0	3.0
0	4.33	2.36	1	41.747944	2	4	0	3	3	4.0	2.7272727	3.5416667	0.0	1.0	3.0
1	4.33	1.73	1	44.136986	1	4	0	4	2	5.0	1.2727273	4.391667	1.0	1.0	4.0
0	3.33	1.64	1	27.80274	3	1	0	5	2	4.5	1.5454545	3.8333333	0.0	1.0	4.0
1	2.67	2.64	0	37.958904	1	2	0	3	2	3.5	2.2727273	3.1833334	1.0	0.0	3.0
1	2.0	1.27	0	40.761642	2	2	0	5	5	4.5	1.9090909	3.625	1.0	1.0	4.0
1	1.67	1.73	1	38.969864	3	1	1	3	2	3.5	1.4545455	3.875	1.0	0.0	3.0
0	3.0	1.73	1	36.772602	7	2	1	3	3	4.0	1.8181819	3.6875	0.0	1.0	3.0
1	3.67	2.73	1	36.849316	1	2	0	2	4	4.0	1.0909091	4.008333	1.0	1.0	3.0
1	1.33	1.55	0	37.339725	1	2	0	4	5	4.6666665	1.9090909	3.9722223	1.0	1.0	4.0
1	3.67	2.18	0	29.068493	2	2	0	4	5	4.3333335	2.0	3.8611112	1.0	1.0	3.0
1	4.0	1.55	1	44.358906	3	4	1	3	2	5.0	1.3636364	4.516667	1.0	1.0	4.0
1	3.67	1.27	1	53.68767	2	4	0	3	3	5.0	1.4545455	4.4666667	1.0	1.0	4.0
1	2.33	2.64	1	35.342464	5	2	0	3	5	3.8333333	1.6363636	4.111111	1.0	0.0	3.0
1	2.0	1.09	0	53.841095	5	2	0	2	4	5.0	1.0	4.5666666	1.0	1.0	4.0
1	3.33	1.55	1	31.983562	3	2	1	3	3	3.1666667	2.6363637	3.6055555	1.0	0.0	2.0
1	3.67	2.64	0	33.30411	6	4	0	2	2	4.0	1.0909091	4.1916666	1.0	1.0	3.0
1	4.0	2.64	1	46.452053	5	2	1	2	5	3.3333333	2.1818182	3.661111	1.0	0.0	2.0
1	3.67	1.45	1	35.750687	4	5	0	3	2	4.0	3.090909	3.1666667	1.0	1.0	3.0
0	3.33	1.64	0	32.6	1	2	1	5	2	3.6666667	2.090909	3.163889	0.0	0.0	3.0
1	3.33	3.0	1	48.52055	3	4	1	2	2	3.3333333	2.3	3.2194445	1.0	0.0	2.0
1	4.67	2.36	1	48.01096	7	4	0	3	1	2.6666667	3.5454545	3.088889	1.0	0.0	2.0
1	2.0	1.55	0	38.52329	3	2	1	3	4	3.8333333	1.4545455	4.102778	1.0	0.0	3.0
1	3.0	2.18	1	29.249315	1	2	0	4	5	4.6666665	2.5454545	4.322222	1.0	1.0	4.0
0	3.33	2.55	1	69.20274	3	2	0	2	2	4.1666665	2.6363637	3.6805556	0.0	1.0	3.0
0	2.33	1.38	0	37.720547	6	2	1	2	1	3.0	1.0	3.8666666	0.0	0.0	2.0
1	2.67	2.64	1	37.983562	5	1	0	2	2	3.5	2.3636363	2.9583333	1.0	0.0	3.0
1	4.0	2.64	1	43.326027	3	2	1	3	1	5.0	4.090909	4.3083334	1.0	1.0	4.0
1	3.0	2.09	0	37.463013	1	2	0	3	4	4.0	3.2727273	2.8916667	1.0	1.0	3.0
1	2.67	2.55	0	45.18082	1	2	0	3	4	4.6666665	1.0909091	4.3805556	1.0	1.0	4.0
1	4.0	1.73	0	26.890411	2	1	1	2	2	5.0	1.4545455	5.0	1.0	1.0	4.0
1	3.67	1.18	0	37.438354	6	1	1	3	1	4.1666665	1.0	4.2222223	1.0	1.0	3.0
0	2.0	2.55	0	28.682192	2	2	0	4	5	3.5	2.5454545	3.5333333	0.0	0.0	3.0
1	5.0	2.82	1	43.30685	3	5	1	3	2	3.8333333	1.7272727	3.8027778	1.0	0.0	3.0
0	3.0	1.36	1	38.830135	4	2	1	5	3	3.3333333	1.2727273	3.8027778	0.0	0.0	2.0
1	3.33	2.36	0	24.210958	5	1	0	3	1	3.1666667	2.6363637	3.2222223	1.0	0.0	2.0
1	4.0	1.55	0	41.750687	5	4	0	3	2	4.5	2.0	3.3333333	1.0	1.0	4.0
1	1.67	1.55	1	56.99726	2	2	0	2	5	4.6666665	1.3636364	4.4805555	1.0	1.0	4.0
0	4.33	2.45	1	34.50685	3	2	0	5	5	3.8333333	1.3636364	3.8777778	0.0	0.0	3.0
1	3.33	1.18	0	54.38356	2	2	0	3	5	4.0	1.2727273	3.5833333	1.0	1.0	3.0
1	5.0	1.36	1	36.090412	3	4	0	2	2	4.6666665	2.3636363	4.088889	1.0	1.0	4.0
1	2.33	1.9	1	49.386303	7	4	0	3	2	5.0	2.0	3.7416666	1.0	1.0	4.0
1	4.67	2.09	1	53.030136	1	4	0	2	3	5.0	1.3636364	4.2916665	1.0	1.0	4.0
0	4.0	1.18	1	19.364384	3	2	0	2	2	3.5	2.2727273	3.8333333	0.0	0.0	3.0
1	3.0	2.36	1	46.550686	3	2	0	3	5	3.8333333	2.6363637	3.5611112	1.0	0.0	3.0
0	3.0	2.36	1	39.942467	2	2	0	3	5	3.6666667	1.5454545	3.9305556	0.0	0.0	3.0
1	3.0	1.91	0	34.0137	1	2	0	3	3	3.6666667	2.2727273	3.6722221	1.0	0.0	3.0
1	3.0	1.82	1	33.065754	2	5	0	1	3	5.0	2.6363637	3.8916667	1.0	1.0	4.0
1	1.67	1.45	0	48.364384	1	2	0	3	5	4.3333335	1.3636364	4.3777776	1.0	1.0	3.0
1	3.0	1.18	0	28.479452	2	2	0	3	3	3.6666667	1.2727273	4.0305557	1.0	0.0	3.0
1	3.0	1.0	1	48.39452	7	3	0	2	2	5.0	1.0	4.233333	1.0	1.0	4.0
0	2.0	1.4	1	43.052055	1	5	0	4	5	3.3333333	1.2727273	3.9361112	0.0	0.0	2.0
1	4.67	1.9	1	38.830135	4	4	0	4	1	5.0	1.3636364	4.9	1.0	1.0	4.0
0	3.0	2.91	1	18.572603	3	1	0	2	1	3.5	2.6	3.2916667	0.0	0.0	3.0
0	2.0	2.55	1	18.657534	3	1	0	2	1	2.6666667	2.1818182	3.413889	0.0	0.0	2.0
1	2.67	2.45	1	40.410957	7	4	0	2	2	4.0	1.4545455	3.8333333	1.0	1.0	3.0
0	2.0	2.64	1	55.671234	3	2	0	3	5	4.1666665	2.2727273	3.8722222	0.0	1.0	3.0
1	4.33	1.64	1	41.547947	2	4	0	2	1	3.8333333	1.5454545	3.4194446	1.0	0.0	3.0
1	4.33	2.36	1	34.232876	3	4	0	4	2	4.3333335	2.4545455	3.4194446	1.0	1.0	3.0
0	3.0	1.27	1	48.11507	3	5	0	3	2	3.0	2.4545455	3.4916666	0.0	0.0	2.0
1	4.67	2.36	1	28.49315	2	1	0	3	2	5.0	1.0	4.675	1.0	1.0	4.0
1	4.0	1.27	0	20.778082	6	2	0	3	2	4.1666665	1.0	4.1555557	1.0	1.0	3.0
1	2.33	1.27	0	26.668493	3	1	1	3	2	3.8333333	1.4545455	3.9166667	1.0	0.0	3.0
0	3.33	2.64	1	36.40548	2	1	0	3	2	4.1666665	3.090909	3.2055554	0.0	1.0	3.0
1	4.33	2.91	1	40.364384	4	4	0	3	3	3.1666667	2.0	3.3958333	1.0	0.0	2.0
0	2.0	2.27	0	33.238358	1	2	0	3	4	2.6666667	2.3636363	3.3888888	0.0	0.0	2.0
1	3.67	3.0	0	36.019176	1	4	0	3	3	3.0	3.6363637	3.15	1.0	0.0	2.0
1	3.0	2.55	1	20.756165	6	1	0	1	4	5.0	1.6363636	4.273148	1.0	1.0	4.0
1	4.0	2.64	0	38.745205	1	2	0	2	3	3.8333333	1.3636364	4.3541665	1.0	0.0	3.0
1	3.33	2.0	1	35.553425	3	4	0	3	2	4.0	2.090909	3.425	1.0	1.0	3.0
1	2.33	1.45	0	20.019178	5	1	0	2	4	4.6666665	1.3636364	4.4805555	1.0	1.0	4.0
1	2.0	1.0	1	28.441095	3	4	0	2	3	3.6666667	2.2727273	3.088889	1.0	0.0	3.0
0	3.33	2.73	1	28.753426	3	1	0	3	4	4.8333335	2.2727273	4.361111	0.0	1.0	4.0
0	1.33	2.18	1	23.378082	3	1	0	3	2	3.8333333	2.3636363	3.6444445	0.0	0.0	3.0
1	4.33	3.0	1	48.271233	2	5	0	3	1	3.1666667	2.2727273	3.663889	1.0	0.0	2.0
1	3.33	2.18	1	47.378082	3	2	0	3	3	3.6666667	3.4545455	2.6722221	1.0	0.0	3.0
1	3.0	1.27	1	27.306849	3	2	0	4	5	5.0	1.1818181	4.5916667	1.0	1.0	4.0
1	1.0	1.73	0	38.526028	5	2	0	1	3	3.0	1.3636364	3.425	1.0	0.0	2.0
1	2.67	1.91	0	52.827396	2	2	0	3	3	4.1666665	2.2727273	3.6055555	1.0	1.0	3.0
0	4.0	2.18	0	28.271233	2	1	0	3	3	4.6666665	1.3636364	4.4805555	0.0	1.0	4.0
1	3.33	2.55	1	25.90959	7	1	0	3	2	4.0	1.5454545	3.95	1.0	1.0	3.0
1	3.0	2.0	0	38.421917	4	1	0	2	3	4.0	1.9090909	3.9583333	1.0	1.0	3.0
1	2.67	1.09	0	35.443836	1	1	1	3	1	4.0	1.3636364	3.75	1.0	1.0	3.0
1	3.33	1.27	0	34.824657	5	1	0	2	2	5.0	1.3636364	4.4	1.0	1.0	4.0
1	2.67	1.82	0	30.438356	1	1	0	4	5	4.8333335	2.1818182	3.8944445	1.0	1.0	4.0
0	3.33	3.0	0	25.40274	1	1	0	2	1	3.3333333	1.7272727	3.1277778	0.0	0.0	2.0
1	3.67	1.91	0	22.153425	6	1	0	1	2	3.5	1.7272727	3.0333333	1.0	0.0	3.0
1	5.0	1.91	0	28.830137	2	2	0	1	3	4.0	1.5454545	4.141667	1.0	1.0	3.0
1	3.0	1.6	0	30.769863	4	1	1	3	2	5.0	1.0	4.6	1.0	1.0	4.0
1	2.33	1.18	0	55.673973	6	2	0	2	2	3.8333333	1.1818181	3.5027778	1.0	0.0	3.0
1	5.0	2.27	0	37.252056	3	4	1	3	1	4.5	2.0	3.675	1.0	1.0	4.0
1	3.33	2.09	1	20.369864	3	1	0	1	1	2.6666667	2.3636363	2.8138888	1.0	0.0	2.0
0	1.67	2.64	1	26.334246	3	3	0	3	4	4.6666665	2.6363637	3.9722223	0.0	1.0	4.0
1	1.33	1.0	0	42.260273	5	2	1	2	3	3.3333333	1.0	3.8541667	1.0	0.0	2.0
1	3.0	2.09	0	36.92603	1	1	0	3	2	4.0	1.7272727	3.4833333	1.0	1.0	3.0
1	2.0	1.55	0	22.80822	5	1	0	2	1	5.0	1.2727273	4.75	1.0	1.0	4.0
1	4.33	2.27	1	35.328766	3	4	0	2	1	5.0	1.9090909	3.95	1.0	1.0	4.0
1	3.0	1.45	1	22.652056	7	1	0	5	1	5.0	1.2727273	4.358333	1.0	1.0	4.0
1	5.0	2.09	0	44.561646	1	2	1	5	2	3.1666667	2.4	3.2708333	1.0	0.0	2.0
0	5.0	2.18	1	39.09315	1	3	1	4	1	4.3333335	2.090909	3.4361112	0.0	1.0	3.0
1	3.0	1.91	1	23.712328	3	1	0	3	2	4.3333335	1.7272727	4.0972223	1.0	1.0	3.0
0	5.0	2.64	0	37.91507	6	4	1	1	2	3.6666667	1.8181819	3.5972223	0.0	0.0	3.0
1	4.0	1.82	0	50.027397	2	2	0	3	3	2.5	1.8181819	3.825	1.0	0.0	2.0
1	4.0	2.64	0	36.00822	6	2	1	3	4	1.5	1.7272727	2.5666666	1.0	0.0	1.0
1	2.67	1.82	1	37.219177	2	2	0	2	2	4.0	1.3636364	3.95	1.0	1.0	3.0
1	4.33	2.64	1	42.473972	2	4	0	3	2	4.5	1.6363636	4.241667	1.0	1.0	4.0
1	3.67	2.09	1	39.90411	3	2	0	2	3	3.6666667	1.5454545	3.7638888	1.0	0.0	3.0
1	1.67	1.18	0	46.38082	4	2	0	3	5	5.0	1.2727273	4.391667	1.0	1.0	4.0
1	5.0	1.82	1	62.241096	3	5	0	3	2	3.5	1.9090909	3.7666667	1.0	0.0	3.0
1	2.33	2.55	1	34.983562	6	2	0	3	4	3.6666667	3.6363637	3.0555556	1.0	0.0	3.0
1	3.33	2.09	1	38.265755	3	1	1	2	1	4.6666665	1.0909091	4.5055556	1.0	1.0	4.0
0	4.33	2.45	1	28.810959	6	4	0	2	1	4.0	1.1818181	3.7824075	0.0	1.0	3.0
0	4.0	2.91	0	38.69589	6	4	0	2	1	3.1666667	3.1818182	2.7472222	0.0	0.0	2.0
1	4.33	2.36	1	21.473972	7	4	0	1	1	3.3333333	1.8181819	3.3611112	1.0	0.0	2.0
1	4.67	2.18	0	51.156166	2	2	1	4	4	5.0	1.2727273	4.525	1.0	1.0	4.0
1	5.0	1.0	1	36.92603	2	2	0	3	2	3.8333333	1.8181819	3.3111112	1.0	0.0	3.0
0	5.0	1.18	1	30.29589	7	4	0	2	2	4.8333335	1.0	4.611111	0.0	1.0	4.0
1	3.0	2.27	1	48.580822	1	2	0	2	5	4.0	1.4545455	4.185185	1.0	1.0	3.0
0	3.67	2.45	1	29.915068	1	1	0	5	3	3.3333333	2.4545455	3.1111112	0.0	0.0	2.0
0	1.33	1.45	1	47.435616	2	2	0	5	5	4.6666665	2.4545455	4.4555554	0.0	1.0	4.0
0	2.67	1.55	1	44.347946	1	2	0	2	5	4.3333335	1.0	4.3777776	0.0	1.0	3.0
1	1.67	2.45	1	43.531506	3	2	0	4	5	4.1666665	1.0	3.3222222	1.0	1.0	3.0
1	3.0	1.2	0	22.50137	7	1	0	2	2	3.8333333	2.1818182	3.586111	1.0	0.0	3.0
0	3.67	1.82	1	44.09589	2	2	0	2	4	3.3333333	2.8181818	3.8694444	0.0	0.0	2.0
1	2.67	1.55	1	27.449314	7	1	0	3	1	3.3333333	3.5454545	3.0194445	1.0	0.0	2.0
1	4.0	2.45	0	41.59726	2	2	0	3	5	4.3333335	2.8181818	3.3527777	1.0	1.0	3.0
1	2.0	1.91	0	23.09589	3	1	0	4	1	3.6666667	3.0	3.2638888	1.0	0.0	3.0
1	2.67	1.36	0	53.060272	2	2	0	4	4	5.0	1.0	4.5666666	1.0	1.0	4.0
0	2.33	2.55	1	39.78356	1	2	0	4	5	3.6666667	2.4545455	3.5722222	0.0	0.0	3.0
1	5.0	2.91	1	26.19178	6	2	0	2	2	3.1666667	2.7272727	2.7805555	1.0	0.0	2.0
0	2.67	2.0	1	39.547947	3	2	0	2	3	4.3333335	1.6363636	4.177778	0.0	1.0	3.0
1	3.33	1.18	0	42.632877	4	4	0	5	5	5.0	1.1818181	4.5666666	1.0	1.0	4.0
1	3.67	2.45	1	37.054794	4	2	0	3	5	3.1666667	1.6363636	3.2305555	1.0	0.0	2.0
0	3.67	1.0	0	41.70959	6	4	1	2	4	5.0	1.0	4.9333334	0.0	1.0	4.0
0	3.67	2.45	0	33.967125	2	3	0	3	4	3.8333333	3.1818182	3.5444446	0.0	0.0	3.0
1	1.0	1.18	0	38.32055	5	2	0	3	5	4.5	1.0909091	4.4333334	1.0	1.0	4.0
0	5.0	2.73	1	42.126026	2	4	0	4	3	3.5	2.0	3.6416667	0.0	0.0	3.0
1	3.0	1.45	0	34.920547	1	1	1	5	2	4.3333335	2.0	3.886111	1.0	1.0	3.0
0	2.33	1.27	0	21.868494	6	1	1	3	1	4.1666665	1.3636364	3.8138888	0.0	1.0	3.0
1	3.67	2.18	0	37.99726	7	1	1	2	1	4.1666665	1.0909091	4.038889	1.0	1.0	3.0
1	4.33	2.09	1	22.536985	3	1	1	3	1	4.3333335	2.5454545	4.0027776	1.0	1.0	3.0
1	3.67	1.36	1	34.80822	2	2	1	4	5	4.6666665	1.1818181	4.3555555	1.0	1.0	4.0
0	4.0	2.82	0	32.271233	1	2	0	3	4	4.1666665	3.8181818	3.3222222	0.0	1.0	3.0
0	1.33	1.2	0	24.372602	1	1	0	4	4	3.8333333	1.3636364	4.361111	0.0	0.0	3.0
0	3.0	1.36	1	46.778084	2	4	0	4	4	4.6666665	1.4545455	4.313889	0.0	1.0	4.0
1	3.0	2.0	1	38.63014	4	4	0	2	2	5.0	1.5454545	4.6	1.0	1.0	4.0
1	3.33	1.09	0	40.156166	7	1	0	3	1	4.8333335	1.0909091	4.577778	1.0	1.0	4.0
1	2.0	1.09	1	24.227398	3	1	0	4	2	5.0	1.4545455	5.0	1.0	1.0	4.0
0	1.33	1.36	0	29.890411	5	2	0	5	4	4.6666665	1.1111112	4.398148	0.0	1.0	4.0
1	3.33	2.55	1	31.449314	2	3	0	2	3	3.8333333	1.8181819	3.6444445	1.0	0.0	3.0
0	4.33	2.0	1	21.794521	1	1	1	4	1	3.8333333	2.3636363	3.3444445	0.0	0.0	3.0
0	5.0	2.18	1	31.69863	3	4	0	3	2	5.0	1.0909091	4.6916666	0.0	1.0	4.0
0	1.67	1.18	1	45.463013	4	2	1	3	5	3.0	1.5454545	3.3833334	0.0	0.0	2.0
0	1.67	1.45	1	26.161644	3	2	0	4	5	4.1666665	2.090909	4.213889	0.0	1.0	3.0
0	3.0	1.55	0	22.794521	5	1	0	2	2	5.0	1.0	4.8	0.0	1.0	4.0
1	5.0	2.55	1	23.024658	3	2	0	2	1	4.3333335	3.6363637	3.511111	1.0	1.0	3.0
0	5.0	1.91	1	29.723288	7	3	1	2	1	5.0	1.2727273	3.9	0.0	1.0	4.0
1	2.33	2.88	1	32.065754	1	1	1	5	3	3.6666667	1.8	3.7472222	1.0	0.0	3.0
1	1.67	1.0	0	23.172604	5	1	1	2	5	4.6666665	2.090909	4.4055557	1.0	1.0	4.0
1	2.33	2.0	1	20.928766	3	1	1	3	2	3.5	1.0909091	3.8583333	1.0	0.0	3.0
0	3.33	1.64	1	34.49041	1	4	1	4	1	4.6666665	1.0	4.447222	0.0	1.0	4.0
1	3.67	2.82	0	27.068493	1	2	0	4	3	2.1666667	2.5454545	2.663889	1.0	0.0	1.0
1	4.67	2.0	1	45.10411	2	2	0	2	3	3.6666667	1.6363636	3.738889	1.0	0.0	3.0
1	3.67	2.09	0	50.961643	1	2	0	4	4	4.5	1.0	4.2824073	1.0	1.0	4.0
1	2.0	1.45	0	46.942467	5	2	0	3	5	3.6666667	2.6363637	2.9805555	1.0	0.0	3.0
1	1.67	1.45	0	53.21096	4	2	0	4	5	4.0	1.5454545	3.9	1.0	1.0	3.0
0	4.33	2.27	1	32.8	7	2	1	3	5	4.1666665	1.1818181	4.1555557	0.0	1.0	3.0
1	1.33	1.0	1	24.071234	3	1	1	3	5	4.6666665	1.0	3.8972223	1.0	1.0	4.0
0	4.33	1.18	1	29.156164	3	1	1	5	1	5.0	1.0	5.0	0.0	1.0	4.0
1	3.0	2.18	1	58.857533	1	5	0	2	2	4.3333335	1.6363636	4.0444446	1.0	1.0	3.0
1	2.0	1.09	0	33.736988	5	2	1	1	2	4.1666665	1.1818181	3.863889	1.0	1.0	3.0
1	1.33	1.36	1	34.17808	4	2	1	4	5	4.8333335	1.5454545	4.8777776	1.0	1.0	4.0
1	4.0	2.36	1	25.0	6	1	0	1	5	1.8333334	2.3636363	2.5194445	1.0	0.0	1.0
0	2.67	2.64	0	34.20548	5	3	1	3	3	5.0	1.3636364	3.7916667	0.0	1.0	4.0
1	3.0	2.36	0	23.517809	5	2	0	3	3	2.1666667	1.5454545	3.288889	1.0	0.0	1.0
1	3.0	1.0	0	31.131506	1	2	1	5	5	5.0	1.0	4.9333334	1.0	1.0	4.0
1	4.33	2.33	1	52.830135	3	2	1	2	5	5.0	1.2727273	4.6916666	1.0	1.0	4.0
1	1.67	2.64	0	26.646576	4	2	0	4	3	4.5	1.9090909	4.15	1.0	1.0	4.0
1	2.67	1.09	1	36.432877	3	5	1	3	1	4.1666665	1.1818181	3.9472222	1.0	1.0	3.0
1	4.0	1.55	1	40.90137	1	3	0	3	5	4.3333335	2.6363637	3.7527778	1.0	1.0	3.0
0	3.67	1.2	0	26.712328	5	4	1	3	1	2.5	1.2727273	3.2777777	0.0	0.0	2.0
1	4.0	1.27	1	57.909588	1	5	0	2	3	4.3333335	1.2727273	4.2777777	1.0	1.0	3.0
0	2.33	2.64	1	22.041096	7	1	1	2	2	3.6666667	3.4545455	3.7305555	0.0	0.0	3.0
1	2.0	1.18	1	44.813698	5	4	0	2	1	4.3333335	1.7272727	3.5194445	1.0	1.0	3.0
1	2.67	1.73	1	26.49863	2	2	1	4	5	4.3333335	1.7272727	3.8611112	1.0	1.0	3.0
1	3.67	1.6	1	44.47671	5	4	1	3	1	3.5	1.8181819	3.3	1.0	0.0	3.0
1	2.0	1.2	0	43.868492	1	3	1	3	4	3.1666667	2.0	3.2805555	1.0	0.0	2.0
1	3.0	1.36	0	38.20548	5	2	0	2	3	4.1666665	1.7272727	3.9055555	1.0	1.0	3.0
1	4.0	2.55	0	40.972603	1	2	0	3	3	3.0	3.6363637	2.7166667	1.0	0.0	2.0
0	5.0	1.0	1	48.909588	1	2	1	5	5	5.0	1.4545455	4.325	0.0	1.0	4.0
0	4.33	1.91	1	25.043835	3	2	0	3	1	4.0	1.5454545	3.9416666	0.0	1.0	3.0
0	4.0	1.36	1	30.975342	2	4	1	4	3	4.5	1.3636364	4.4583335	0.0	1.0	4.0
1	3.67	2.55	0	39.827396	5	4	0	3	1	3.6666667	2.909091	3.1388888	1.0	0.0	3.0
1	5.0	1.18	0	44.654793	7	4	0	4	1	4.8333335	1.1818181	4.061111	1.0	1.0	4.0
